1729398028416 63484.0 0
1729398032850 63483.0 0
1729398036571 63482.0 0
1729398037721 63481.0 0
1729398040973 63485.0 0
1729398056026 63489.0 0
1729398060546 63487.0 0
1729398062226 63486.0 0
1729398064354 63488.0 0
1729398070188 63490.0 0
1729398075696 63491.0 0
1729398086818 63492.0 0
1729398091038 63494.0 0
1729398092390 63493.0 0
1729398099243 63495.0 0
1729398103841 63496.0 0
1729398109561 63498.0 0
1729398114261 63497.0 0
1729398122031 63499.0 0
1729398126153 63502.0 0
1729398128158 63500.0 0
1729398128818 63501.0 0
1729398137376 63503.0 0
1729398137434 63504.0 0
1729398149013 63506.0 0
1729398150012 63505.0 0
1729398153596 63509.0 0
1729398153924 63507.0 0
1729398156518 63508.0 0
1729398172803 63511.0 0
1729398178028 63512.0 0
1729398179133 63510.0 0
1729398179513 63513.0 0
1729398185613 63514.0 0
1729398194683 63515.0 0
1729398201290 63518.0 0
1729398206419 63517.0 0
1729398209398 63516.0 0
1729398212665 63520.0 0
1729398215100 63519.0 0
1729398226672 63522.0 0
1729398230283 63521.0 0
1729398230442 63524.0 0
1729398234725 63523.0 0
1729398237751 63525.0 0
1729398247763 63527.0 0
1729398248375 63528.0 0
1729398249783 63529.0 0
1729398255815 63526.0 0
1729398266004 63532.0 0
1729398266677 63530.0 0
1729398270032 63531.0 0
1729398271315 63533.0 0
1729398275695 63534.0 0
1729398289950 63536.0 0
1729398291490 63535.0 0
1729398294509 63539.0 0
1729398297629 63537.0 0
1729398302789 63538.0 0
1729398308932 63541.0 0
1729398312414 63540.0 0
1729398324927 63542.0 0
1729398325012 63543.0 0
1729398331460 63545.0 0
1729398332534 63544.0 0
1729398335307 63546.0 0
1729398349725 63549.0 0
1729398352883 63548.0 0
1729398354370 63550.0 0
1729398357109 63547.0 0
1729398364535 63551.0 0
1729398369099 63553.0 0
1729398377700 63552.0 0
1729398384060 63555.0 0
1729398385957 63556.0 0
1729398386209 63554.0 0
1729398396333 63558.0 0
1729398396915 63557.0 0
1729398404822 63560.0 0
1729398411472 63563.0 0
1729398412690 63559.0 0
1729398417495 63562.0 0
1729398417573 63561.0 0
1729398428412 63565.0 0
1729398430817 63564.0 0
1729398431722 63566.0 0
1729398433645 63567.0 0
1729398450770 63568.0 0
1729398452487 63569.0 0
1729398453259 63572.0 0
1729398457324 63571.0 0
1729398461680 63570.0 0
1729398475292 63573.0 0
1729398478765 63576.0 0
1729398479259 63574.0 0
1729398482542 63575.0 0
1729398491114 63577.0 0
1729398502895 63581.0 0
1729398504473 63580.0 0
1729398508878 63578.0 0
1729398509996 63579.0 0
1729398521692 63582.0 0
1729398527326 63584.0 0
1729398532643 63583.0 0
1729398542982 63587.0 0
1729398544693 63585.0 0
1729398547031 63586.0 0
1729398554515 63588.0 0
1729398564334 63589.0 0
1729398571028 63592.0 0
1729398575664 63590.0 0
1729398576149 63593.0 0
1729398581869 63591.0 0
1729398593824 63594.0 0
1729398596046 63595.0 0
1729398603798 63596.0 0
1729398604792 63597.0 0
1729398616478 63598.0 0
1729398623044 63599.0 0
1729398628709 63600.0 0
1729398628813 63601.0 0
1729398641732 63602.0 0
1729398644869 63606.0 0
1729398651739 63607.0 0
1729398651788 63603.0 0
1729398651964 63605.0 0
1729398652058 63604.0 0
1729398671491 63612.0 0
1729398672996 63608.0 0
1729398675129 63611.0 0
1729398681514 63609.0 0
1729398681614 63610.0 0
1729398701729 63616.0 0
1729398701809 63614.0 0
1729398701889 63613.0 0
1729398701996 63615.0 0
1729398718294 63617.0 0
1729398728686 63620.0 0
1729398728726 63618.0 0
1729398731684 63619.0 0
1729398737594 63621.0 0
1729398748629 63625.0 0
1729398754293 63623.0 0
1729398755700 63622.0 0
1729398757994 63626.0 0
1729398759539 63624.0 0
1729398779799 63627.0 0
1729398782261 63631.0 0
1729398784336 63628.0 0
1729398791128 63630.0 0
1729398792713 63629.0 0
1729398801023 63634.0 0
1729398809145 63632.0 0
1729398810223 63633.0 0
1729398811533 63635.0 0
1729398825793 63636.0 0
1729398826187 63637.0 0
1729398833773 63639.0 0
1729398839824 63638.0 0
1729398845594 63640.0 0
1729398846089 63642.0 0
1729398862125 63643.0 0
1729398866817 63644.0 0
1729398867065 63641.0 0
1729398878272 63646.0 0
1729398881233 63645.0 0
1729398885103 63648.0 0
1729398890763 63647.0 0
1729398900236 63650.0 0
1729398901578 63651.0 0
1729398903523 63649.0 0
1729398905920 63652.0 0
1729398910683 63653.0 0
1729398922085 63654.0 0
1729398928297 63655.0 0
1729398932323 63658.0 0
1729398933247 63657.0 0
1729398936968 63656.0 0
1729398941820 63659.0 0
1729398944133 63660.0 0
1729398947982 63661.0 0
1729398961445 63664.0 0
1729398965980 63662.0 0
1729398966813 63666.0 0
1729398971380 63663.0 0
1729398975867 63665.0 0
1729398985203 63669.0 0
1729398985273 63667.0 0
1729398985393 63668.0 0
1729399003765 63671.0 0
1729399003815 63670.0 0
1729399007691 63672.0 0
1729399012878 63674.0 0
1729399016585 63673.0 0
1729399031338 63677.0 0
1729399035263 63676.0 0
1729399035888 63675.0 0
1729399036873 63679.0 0
1729399044271 63678.0 0
1729399056385 63683.0 0
1729399059160 63680.0 0
1729399061858 63682.0 0
1729399062296 63681.0 0
1729399067983 63684.0 0
1729399083578 63685.0 0
1729399088412 63688.0 0
1729399088629 63686.0 0
1729399091873 63689.0 0
1729399094242 63687.0 0
1729399109636 63690.0 0
1729399113019 63693.0 0
1729399116955 63692.0 0
1729399123559 63691.0 0
1729399126940 63694.0 0
1729399135248 63697.0 0
1729399136458 63695.0 0
1729399137090 63696.0 0
1729399153068 63700.0 0
1729399153124 63702.0 0
1729399159059 63699.0 0
1729399159099 63701.0 0
1729399160457 63698.0 0
1729399174957 63704.0 0
1729399183318 63703.0 0
1729399190064 63706.0 0
1729399192182 63705.0 0
1729399196386 63707.0 0
1729399199561 63708.0 0
1729399215116 63709.0 0
1729399216161 63710.0 0
1729399227264 63711.0 0
1729399232966 63712.0 0
1729399233376 63713.0 0
1729399238420 63714.0 0
1729399249211 63715.0 0
1729399260571 63716.0 0
1729399263322 63719.0 0
1729399263950 63717.0 0
1729399265432 63718.0 0
1729399276570 63721.0 0
1729399280954 63720.0 0
1729399287204 63722.0 0
1729399289547 63723.0 0
1729399289612 63724.0 0
1729399310065 63725.0 0
1729399313379 63726.0 0
1729399318867 63729.0 0
1729399320844 63727.0 0
1729399327589 63728.0 0
1729399335302 63730.0 0
1729399337637 63732.0 0
1729399354519 63731.0 0
1729399358192 63733.0 0
1729399371169 63734.0 0
1729399374941 63735.0 0
1729399375829 63736.0 0
1729399388963 63737.0 0
1729399394734 63738.0 0
1729399409305 63742.0 0
1729399411498 63741.0 0
1729399411563 63740.0 0
1729399412948 63739.0 0
1729399416204 63743.0 0
1729399438378 63745.0 0
1729399439316 63744.0 0
1729399439573 63748.0 0
1729399443180 63746.0 0
1729399446909 63747.0 0
1729399463980 63749.0 0
1729399466791 63750.0 0
1729399468261 63751.0 0
1729399469093 63753.0 0
1729399469243 63752.0 0
1729399487401 63758.0 0
1729399493421 63757.0 0
1729399495429 63754.0 0
1729399496878 63755.0 0
1729399498533 63756.0 0
1729399513158 63759.0 0
1729399522279 63763.0 0
1729399522449 63761.0 0
1729399523178 63760.0 0
1729399523987 63762.0 0
1729399538229 63764.0 0
1729399538535 63765.0 0
1729399552271 63767.0 0
1729399560301 63768.0 0
1729399561856 63766.0 0
1729399573156 63769.0 0
1729399582519 63770.0 0
1729399598891 63774.0 0
1729399600758 63773.0 0
1729399602038 63772.0 0
1729399607571 63771.0 0
1729399619653 63775.0 0
1729399622646 63778.0 0
1729399623801 63776.0 0
1729399629710 63779.0 0
1729399632820 63777.0 0
1729399647816 63780.0 0
1729399648386 63781.0 0
1729399651996 63782.0 0
1729399655700 63784.0 0
1729399663883 63783.0 0
1729399672506 63786.0 0
1729399673835 63785.0 0
1729399683426 63787.0 0
1729399684853 63788.0 0
1729399696826 63789.0 0
1729399698286 63791.0 0
1729399701233 63790.0 0
1729399712940 63793.0 0
1729399714368 63792.0 0
1729399719556 63796.0 0
1729399726691 63795.0 0
1729399729541 63797.0 0
1729399731165 63794.0 0
1729399738557 63798.0 0
1729399742604 63800.0 0
1729399748274 63799.0 0
1729399760328 63801.0 0
1729399770410 63802.0 0
1729399772785 63804.0 0
1729399773300 63803.0 0
1729399777768 63805.0 0
1729399784798 63806.0 0
1729399795348 63807.0 0
1729399795420 63809.0 0
1729399798500 63810.0 0
1729399800591 63808.0 0
1729399806368 63811.0 0
1729399813580 63813.0 0
1729399821978 63815.0 0
1729399823378 63812.0 0
1729399825535 63814.0 0
1729399826737 63816.0 0
1729399843756 63817.0 0
1729399844950 63821.0 0
1729399845092 63820.0 0
1729399851250 63818.0 0
1729399858777 63819.0 0
1729399870643 63824.0 0
1729399874617 63823.0 0
1729399874680 63822.0 0
1729399875237 63825.0 0
1729399881680 63826.0 0
1729399888610 63827.0 0
1729399891342 63829.0 0
1729399901392 63828.0 0
1729399902912 63831.0 0
1729399903002 63830.0 0
1729399917067 63832.0 0
1729399919440 63833.0 0
1729399921420 63834.0 0
1729399930397 63836.0 0
1729399932410 63837.0 0
1729399935844 63835.0 0
1729399942594 63838.0 0
1729399947997 63839.0 0
1729399951872 63840.0 0
1729399953117 63841.0 0
1729399960947 63842.0 0
1729399969220 63844.0 0
1729399972505 63843.0 0
1729399978192 63845.0 0
1729399978505 63847.0 0
1729399980017 63846.0 0
1729399987405 63848.0 0
1729399995348 63849.0 0
1729399996138 63850.0 0
1729399999380 63851.0 0
1729400009095 63852.0 0
1729400013182 63853.0 0
1729400023279 63855.0 0
1729400024710 63854.0 0
1729400030239 63858.0 0
1729400030869 63856.0 0
1729400037106 63857.0 0
1729400044019 63859.0 0
1729400053405 63860.0 0
1729400055866 63861.0 0
1729400056190 63862.0 0
1729400057839 63863.0 0
1729400071517 63864.0 0
1729400082379 63867.0 0
1729400082435 63866.0 0
1729400082493 63865.0 0
1729400085119 63868.0 0
1729400099173 63869.0 0
1729400105920 63872.0 0
1729400110344 63870.0 0
1729400110486 63871.0 0
1729400113259 63873.0 0
1729400118617 63874.0 0
1729400132079 63875.0 0
1729400132367 63878.0 0
1729400133634 63876.0 0
1729400137237 63879.0 0
1729400139438 63877.0 0
1729400160209 63881.0 0
1729400160513 63880.0 0
1729400161704 63882.0 0
1729400162661 63883.0 0
1729400167829 63884.0 0
1729400181544 63888.0 0
1729400184396 63885.0 0
1729400186693 63887.0 0
1729400191159 63886.0 0
1729400197101 63889.0 0
1729400203286 63891.0 0
1729400209584 63890.0 0
1729400217413 63894.0 0
1729400219714 63892.0 0
1729400221461 63895.0 0
1729400222362 63893.0 0
1729400233858 63896.0 0
1729400242012 63897.0 0
1729400243257 63899.0 0
1729400250251 63901.0 0
1729400252339 63898.0 0
1729400253329 63900.0 0
1729400264333 63904.0 0
1729400270306 63903.0 0
1729400271223 63902.0 0
1729400281294 63905.0 0
1729400285116 63906.0 0
1729400293108 63907.0 0
1729400299451 63908.0 0
1729400301556 63909.0 0
1729400307761 63911.0 0
1729400311226 63912.0 0
1729400314733 63910.0 0
1729400319746 63913.0 0
1729400326174 63914.0 0
1729400328089 63915.0 0
1729400339833 63916.0 0
1729400344873 63919.0 0
1729400349278 63918.0 0
1729400351685 63917.0 0
1729400360997 63920.0 0
1729400367114 63922.0 0
1729400367784 63921.0 0
1729400374843 63924.0 0
1729400378983 63923.0 0
1729400393008 63927.0 0
1729400395168 63925.0 0
1729400395694 63929.0 0
1729400399238 63926.0 0
1729400403838 63928.0 0
1729400416413 63930.0 0
1729400424358 63932.0 0
1729400426688 63934.0 0
1729400427088 63931.0 0
1729400429936 63933.0 0
1729400438772 63935.0 0
1729400442292 63936.0 0
1729400449533 63937.0 0
1729400454238 63939.0 0
1729400458766 63938.0 0
1729400463303 63941.0 0
1729400464642 63940.0 0
1729400467108 63942.0 0
1729400477818 63944.0 0
1729400479543 63943.0 0
1729400485526 63946.0 0
1729400492202 63945.0 0
1729400495008 63948.0 0
1729400496170 63949.0 0
1729400497766 63947.0 0
1729400507850 63950.0 0
1729400517448 63954.0 0
1729400520408 63951.0 0
1729400521175 63955.0 0
1729400524168 63952.0 0
1729400525423 63953.0 0
1729400539658 63956.0 0
1729400543963 63959.0 0
1729400546602 63957.0 0
1729400549103 63958.0 0
1729400553418 63960.0 0
1729400563788 63962.0 0
1729400565278 63961.0 0
1729400574625 63964.0 0
1729400574936 63963.0 0
1729400582540 63965.0 0
1729400588253 63966.0 0
1729400594750 63967.0 0
1729400601650 63968.0 0
1729400602375 63969.0 0
1729400605033 63971.0 0
1729400607696 63970.0 0
1729400615307 63972.0 0
1729400622297 63973.0 0
1729400623122 63976.0 0
1729400624739 63974.0 0
1729400636900 63975.0 0
1729400638180 63977.0 0
1729400638480 63978.0 0
1729400643874 63980.0 0
1729400652187 63981.0 0
1729400652265 63979.0 0
1729400657740 63983.0 0
1729400659760 63982.0 0
1729400667152 63984.0 0
1729400669725 63985.0 0
1729400672692 63987.0 0
1729400674511 63986.0 0
1729400686425 63989.0 0
1729400689457 63988.0 0
1729400692501 63990.0 0
1729400699377 63991.0 0
1729400700633 63992.0 0
1729400702905 63993.0 0
1729400713043 63994.0 0
1729400720669 63995.0 0
1729400725719 63997.0 0
1729400725959 63996.0 0
1729400731197 63998.0 0
1729400736110 63999.0 0
1729400746368 64002.0 0
1729400752642 64000.0 0
1729400755942 64003.0 0
1729400758259 64001.0 0
1729400767424 64004.0 0
1729400774057 64005.0 0
1729400776913 64008.0 0
1729400779169 64007.0 0
1729400780424 64006.0 0
1729400792239 64009.0 0
1729400797097 64011.0 0
1729400798101 64012.0 0
1729400799247 64013.0 0
1729400801811 64010.0 0
1729400813281 64014.0 0
1729400816827 64015.0 0
1729400819484 64017.0 0
1729400823912 64016.0 0
1729400827512 64018.0 0
1729400838987 64021.0 0
1729400839064 64022.0 0
1729400846039 64019.0 0
1729400847889 64020.0 0
1729400854838 64023.0 0
1729400861369 64025.0 0
1729400866916 64024.0 0
1729400870722 64026.0 0
1729400873044 64027.0 0
1729400876967 64028.0 0
1729400884821 64029.0 0
1729400891163 64030.0 0
1729400892504 64031.0 0
1729400894372 64032.0 0
1729400896812 64033.0 0
1729400910784 64038.0 0
1729400911359 64035.0 0
1729400913707 64034.0 0
1729400913804 64037.0 0
1729400924722 64036.0 0
1729400933976 64042.0 0
1729400935427 64041.0 0
1729400938512 64039.0 0
1729400943102 64040.0 0
1729400947877 64043.0 0
1729400961914 64044.0 0
1729400962996 64045.0 0
1729400965089 64046.0 0
1729400967851 64047.0 0
1729400977226 64048.0 0
1729400983914 64051.0 0
1729400985153 64049.0 0
1729400987496 64050.0 0
1729400988515 64052.0 0
1729401000517 64053.0 0
1729401010748 64057.0 0
1729401011771 64054.0 0
1729401013090 64055.0 0
1729401014605 64056.0 0
1729401027140 64059.0 0
1729401028352 64058.0 0
1729401034205 64060.0 0
1729401035346 64062.0 0
1729401041676 64061.0 0
1729401045069 64063.0 0
1729401046816 64064.0 0
1729401056700 64067.0 0
1729401060976 64068.0 0
1729401061484 64065.0 0
1729401062696 64066.0 0
1729401068723 64069.0 0
1729401071916 64070.0 0
1729401076351 64072.0 0
1729401081335 64071.0 0
1729401086613 64073.0 0
1729401091371 64076.0 0
1729401094560 64074.0 0
1729401099506 64075.0 0
1729401107454 64077.0 0
1729401110620 64080.0 0
1729401114796 64079.0 0
1729401115624 64078.0 0
1729401116780 64081.0 0
1729401133176 64085.0 0
1729401133298 64084.0 0
1729401133743 64083.0 0
1729401136723 64082.0 0
1729401137808 64086.0 0
1729401157331 64089.0 0
1729401157760 64088.0 0
1729401158874 64091.0 0
1729401161280 64087.0 0
1729401165126 64090.0 0
1729401179466 64093.0 0
1729401184316 64094.0 0
1729401185871 64096.0 0
1729401186175 64092.0 0
1729401188956 64095.0 0
1729401202443 64098.0 0
1729401203725 64097.0 0
1729401209513 64099.0 0
1729401213860 64100.0 0
1729401214691 64101.0 0
1729401227696 64104.0 0
1729401230530 64103.0 0
1729401230583 64102.0 0
1729401230648 64105.0 0
1729401239597 64106.0 0
1729401247377 64107.0 0
1729401249088 64110.0 0
1729401249169 64109.0 0
1729401254470 64108.0 0
1729401257703 64111.0 0
1729401269193 64113.0 0
1729401271263 64112.0 0
1729401273384 64115.0 0
1729401278478 64114.0 0
1729401278915 64116.0 0
1729401293085 64120.0 0
1729401294243 64118.0 0
1729401297128 64119.0 0
1729401298593 64117.0 0
1729401302093 64121.0 0
1729401314748 64125.0 0
1729401316131 64122.0 0
1729401318412 64124.0 0
1729401323785 64123.0 0
1729401325245 64126.0 0
1729401335633 64127.0 0
1729401335697 64129.0 0
1729401340225 64128.0 0
1729401348933 64130.0 0
1729401354877 64133.0 0
1729401355857 64134.0 0
1729401356312 64131.0 0
1729401364400 64132.0 0
1729401375009 64136.0 0
1729401375613 64137.0 0
1729401377690 64135.0 0
1729401382240 64138.0 0
1729401388322 64139.0 0
1729401391680 64140.0 0
1729401395042 64142.0 0
1729401403819 64141.0 0
1729401409595 64143.0 0
1729401415270 64144.0 0
1729401418560 64145.0 0
1729401423807 64146.0 0
1729401430700 64147.0 0
1729401437459 64148.0 0
1729401440025 64150.0 0
1729401441280 64151.0 0
1729401444300 64149.0 0
1729401456130 64152.0 0
1729401456195 64154.0 0
1729401461095 64156.0 0
1729401465389 64153.0 0
1729401470387 64155.0 0
1729401474855 64158.0 0
1729401480895 64159.0 0
1729401484557 64157.0 0
1729401485347 64160.0 0
1729401491930 64162.0 0
1729401501682 64161.0 0
1729401505342 64164.0 0
1729401508820 64165.0 0
1729401515249 64166.0 0
1729401517585 64163.0 0
1729401521170 64167.0 0
1729401521763 64168.0 0
1729401537833 64169.0 0
1729401538905 64171.0 0
1729401539240 64173.0 0
1729401541308 64172.0 0
1729401543129 64170.0 0
1729401558022 64177.0 0
1729401565903 64174.0 0
1729401568297 64178.0 0
1729401568382 64176.0 0
1729401569507 64175.0 0
1729401580204 64179.0 0
1729401589896 64182.0 0
1729401591078 64180.0 0
1729401597902 64181.0 0
1729401600730 64183.0 0
1729401609363 64184.0 0
1729401615588 64187.0 0
1729401618601 64185.0 0
1729401619165 64186.0 0
1729401619383 64188.0 0
1729401624248 64189.0 0
1729401634836 64193.0 0
1729401641294 64191.0 0
1729401641374 64192.0 0
1729401643234 64190.0 0
1729401650496 64195.0 0
1729401650701 64194.0 0
1729401658336 64198.0 0
1729401669462 64196.0 0
1729401669518 64197.0 0
1729401673309 64201.0 0
1729401679436 64200.0 0
1729401680864 64199.0 0
1729401695791 64204.0 0
1729401697902 64202.0 0
1729401697999 64206.0 0
1729401698501 64203.0 0
1729401706738 64205.0 0
1729401715929 64207.0 0
1729401720441 64210.0 0
1729401721754 64209.0 0
1729401722188 64208.0 0
1729401735154 64211.0 0
1729401736029 64212.0 0
1729401739423 64213.0 0
1729401745082 64215.0 0
1729401753736 64214.0 0
1729401758216 64217.0 0
1729401763639 64216.0 0
1729401767476 64219.0 0
1729401768914 64218.0 0
1729401776256 64221.0 0
1729401782508 64220.0 0
1729401787683 64224.0 0
1729401788291 64223.0 0
1729401790091 64222.0 0
1729401803457 64225.0 0
1729401804549 64229.0 0
1729401807933 64228.0 0
1729401811048 64226.0 0
1729401816434 64227.0 0
1729401819123 64230.0 0
1729401826440 64231.0 0
1729401833936 64234.0 0
1729401836459 64232.0 0
1729401840636 64233.0 0
1729401843358 64235.0 0
1729401847806 64236.0 0
1729401848044 64237.0 0
1729401855188 64238.0 0
1729401857196 64239.0 0
1729401865110 64241.0 0
1729401867671 64240.0 0
1729401874150 64244.0 0
1729401876815 64242.0 0
1729401884304 64245.0 0
1729401886266 64243.0 0
1729401895038 64246.0 0
1729401904475 64247.0 0
1729401905081 64248.0 0
1729401907165 64249.0 0
1729401912223 64250.0 0
1729401921391 64252.0 0
1729401922421 64251.0 0
1729401924311 64254.0 0
1729401933722 64253.0 0
1729401937438 64256.0 0
1729401940486 64255.0 0
1729401943658 64258.0 0
1729401944059 64257.0 0
1729401956613 64260.0 0
1729401958642 64263.0 0
1729401961113 64259.0 0
1729401961763 64261.0 0
1729401968563 64262.0 0
1729401973193 64265.0 0
1729401979155 64266.0 0
1729401986183 64267.0 0
1729401988235 64264.0 0
1729401990393 64268.0 0
1729401993105 64270.0 0
1729402000828 64269.0 0
1729402011525 64271.0 0
1729402017645 64272.0 0
1729402018203 64273.0 0
1729402018405 64275.0 0
1729402020768 64274.0 0
1729402036898 64278.0 0
1729402037347 64279.0 0
1729402040175 64280.0 0
1729402040477 64276.0 0
1729402048083 64277.0 0
1729402054880 64283.0 0
1729402060643 64281.0 0
1729402060780 64284.0 0
1729402064861 64282.0 0
1729402068056 64285.0 0
1729402073390 64286.0 0
1729402088880 64287.0 0
1729402089923 64288.0 0
1729402090265 64289.0 0
1729402090328 64290.0 0
1729402101450 64291.0 0
1729402109898 64294.0 0
1729402112096 64295.0 0
1729402117892 64292.0 0
1729402119755 64293.0 0
1729402128518 64296.0 0
1729402133755 64298.0 0
1729402138789 64297.0 0
1729402141363 64299.0 0
1729402146726 64300.0 0
1729402155640 64302.0 0
1729402156795 64301.0 0
1729402161853 64304.0 0
1729402163560 64303.0 0
1729402168467 64305.0 0
1729402176140 64307.0 0
1729402182450 64308.0 0
1729402183825 64306.0 0
1729402186219 64310.0 0
1729402191092 64309.0 0
1729402197874 64311.0 0
1729402200522 64312.0 0
1729402210214 64315.0 0
1729402211040 64313.0 0
1729402214378 64314.0 0
1729402224287 64317.0 0
1729402226268 64316.0 0
1729402237667 64318.0 0
1729402243824 64320.0 0
1729402243883 64319.0 0
1729402252269 64321.0 0
1729402254009 64322.0 0
1729402260557 64325.0 0
1729402262030 64323.0 0
1729402264460 64324.0 0
1729402279771 64326.0 0
1729402280554 64329.0 0
1729402282812 64330.0 0
1729402283547 64327.0 0
1729402291232 64328.0 0
1729402298806 64333.0 0
1729402303237 64332.0 0
1729402309356 64331.0 0
1729402312084 64334.0 0
1729402318056 64338.0 0
1729402323100 64337.0 0
1729402325989 64336.0 0
1729402329306 64339.0 0
1729402332197 64340.0 0
1729402342712 64342.0 0
1729402345730 64341.0 0
1729402348562 64344.0 0
1729402356379 64343.0 0
1729402360036 64345.0 0
1729402367129 64347.0 0
1729402370189 64346.0 0
1729402373996 64349.0 0
1729402377776 64348.0 0
1729402382724 64351.0 0
1729402388342 64350.0 0
1729402393312 64354.0 0
1729402398583 64353.0 0
1729402401457 64352.0 0
1729402401941 64355.0 0
1729402416609 64356.0 0
1729402417831 64357.0 0
1729402421149 64360.0 0
1729402421648 64358.0 0
1729402424235 64359.0 0
1729402435600 64363.0 0
1729402441440 64362.0 0
1729402444831 64361.0 0
1729402448039 64364.0 0
1729402452649 64365.0 0
1729402463357 64366.0 0
1729402467091 64368.0 0
1729402470142 64367.0 0
1729402474686 64369.0 0
1729402483647 64370.0 0
1729402488658 64372.0 0
1729402489987 64371.0 0
1729402490574 64374.0 0
1729402496047 64373.0 0
1729402506175 64375.0 0
1729402506658 64377.0 0
1729402506916 64376.0 0
1729402510361 64378.0 0
1729402523856 64380.0 0
1729402524594 64379.0 0
1729402526619 64381.0 0
1729402532792 64383.0 0
1729402535700 64382.0 0
1729402541623 64386.0 0
1729402542161 64385.0 0
1729402545277 64384.0 0
1729402557149 64388.0 0
1729402559165 64387.0 0
1729402561508 64390.0 0
1729402563917 64389.0 0
1729402566319 64391.0 0
1729402571646 64392.0 0
1729402582883 64393.0 0
1729402585131 64394.0 0
1729402587435 64396.0 0
1729402590846 64395.0 0
1729402599418 64397.0 0
1729402601278 64398.0 0
1729402613811 64399.0 0
1729402615458 64400.0 0
1729402618003 64401.0 0
1729402627403 64402.0 0
1729402631103 64403.0 0
1729402639781 64406.0 0
1729402643739 64404.0 0
1729402647486 64405.0 0
1729402654921 64407.0 0
1729402664582 64408.0 0
1729402665771 64409.0 0
1729402674136 64410.0 0
1729402674783 64412.0 0
1729402677071 64411.0 0
1729402690636 64416.0 0
1729402693526 64414.0 0
1729402695628 64415.0 0
1729402696473 64413.0 0
1729402706416 64417.0 0
1729402712721 64419.0 0
1729402713190 64418.0 0
1729402718715 64420.0 0
1729402727035 64422.0 0
1729402729986 64421.0 0
1729402730036 64423.0 0
1729402742049 64424.0 0
1729402744957 64425.0 0
1729402746399 64428.0 0
1729402748482 64426.0 0
1729402749030 64427.0 0
1729402769365 64431.0 0
1729402769820 64429.0 0
1729402771126 64430.0 0
1729402775722 64433.0 0
1729402777535 64432.0 0
1729402793254 64434.0 0
1729402796153 64437.0 0
1729402797455 64435.0 0
1729402800070 64436.0 0
1729402805180 64438.0 0
1729402814333 64440.0 0
1729402819979 64439.0 0
1729402823370 64441.0 0
1729402828838 64442.0 0
1729402830343 64443.0 0
1729402842640 64446.0 0
1729402843829 64444.0 0
1729402846938 64445.0 0
1729402856779 64447.0 0
1729402857950 64448.0 0
1729402860611 64450.0 0
1729402862349 64449.0 0
1729402871562 64452.0 0
1729402873540 64451.0 0
1729402878187 64453.0 0
1729402881323 64455.0 0
1729402884522 64454.0 0
1729402893694 64456.0 0
1729402898700 64458.0 0
1729402901464 64459.0 0
1729402901498 64457.0 0
1729402905558 64460.0 0
1729402923084 64463.0 0
1729402925079 64462.0 0
1729402925577 64464.0 0
1729402925632 64465.0 0
1729402926280 64461.0 0
1729402939885 64466.0 0
1729402943107 64467.0 0
1729402950519 64469.0 0
1729402951290 64468.0 0
1729402954018 64470.0 0
1729402965301 64471.0 0
1729402970493 64472.0 0
1729402978555 64475.0 0
1729402979297 64474.0 0
1729402988480 64473.0 0
1729402989547 64477.0 0
1729402995528 64476.0 0
1729403008510 64479.0 0
1729403011757 64481.0 0
1729403011857 64478.0 0
1729403024186 64482.0 0
1729403025467 64480.0 0
1729403032512 64484.0 0
1729403035827 64483.0 0
1729403043832 64485.0 0
1729403047695 64488.0 0
1729403052379 64486.0 0
1729403057729 64489.0 0
1729403059285 64487.0 0
1729403064234 64491.0 0
1729403069070 64490.0 0
1729403078034 64492.0 0
1729403082702 64493.0 0
1729403086002 64495.0 0
1729403091399 64494.0 0
1729403096382 64496.0 0
1729403096469 64497.0 0
1729403108310 64498.0 0
1729403108364 64500.0 0
1729403114518 64499.0 0
1729403122142 64501.0 0
1729403122706 64502.0 0
1729403123307 64503.0 0
1729403130873 64504.0 0
1729403140040 64507.0 0
1729403143242 64505.0 0
1729403150181 64508.0 0
1729403151019 64506.0 0
1729403151487 64509.0 0
1729403162551 64511.0 0
1729403164117 64512.0 0
1729403167929 64510.0 0
1729403171712 64513.0 0
1729403177901 64514.0 0
1729403180029 64516.0 0
1729403183807 64517.0 0
1729403187056 64515.0 0
1729403188443 64518.0 0
1729403195764 64520.0 0
1729403197235 64519.0 0
1729403202414 64522.0 0
1729403207481 64521.0 0
1729403210969 64523.0 0
1729403213314 64524.0 0
1729403216151 64525.0 0
1729403230349 64526.0 0
1729403230749 64527.0 0
1729403231169 64528.0 0
1729403237451 64530.0 0
1729403240181 64529.0 0
1729403252951 64532.0 0
1729403255364 64531.0 0
1729403256224 64535.0 0
1729403260494 64533.0 0
1729403268119 64534.0 0
1729403273221 64537.0 0
1729403280546 64536.0 0
1729403283519 64538.0 0
1729403289011 64539.0 0
1729403298654 64540.0 0
1729403301049 64541.0 0
1729403307907 64544.0 0
1729403308026 64542.0 0
1729403310374 64543.0 0
1729403317629 64545.0 0
1729403323187 64546.0 0
1729403323885 64547.0 0
1729403326849 64548.0 0
1729403334014 64549.0 0
1729403335057 64550.0 0
1729403341042 64551.0 0
1729403349119 64554.0 0
1729403354766 64552.0 0
1729403355474 64553.0 0
1729403366472 64555.0 0
1729403368757 64556.0 0
1729403374496 64557.0 0
1729403379496 64559.0 0
1729403383467 64558.0 0
1729403386094 64561.0 0
1729403393246 64560.0 0
1729403402194 64562.0 0
1729403405108 64564.0 0
1729403407589 64563.0 0
1729403409308 64565.0 0
1729403417834 64567.0 0
1729403423174 64568.0 0
1729403423843 64566.0 0
1729403433317 64571.0 0
1729403433877 64569.0 0
1729403437804 64570.0 0
1729403444653 64572.0 0
1729403447896 64573.0 0
1729403447965 64574.0 0
1729403451084 64575.0 0
1729403463052 64576.0 0
1729403464088 64578.0 0
1729403464848 64579.0 0
1729403471540 64577.0 0
1729403473855 64580.0 0
1729403483494 64582.0 0
1729403491006 64581.0 0
1729403492121 64583.0 0
1729403494677 64585.0 0
1729403499692 64584.0 0
1729403512593 64586.0 0
1729403515738 64588.0 0
1729403518576 64587.0 0
1729403522320 64589.0 0
1729403527555 64590.0 0
1729403530440 64592.0 0
1729403535958 64593.0 0
1729403542200 64591.0 0
1729403548475 64594.0 0
1729403549833 64596.0 0
1729403552928 64595.0 0
1729403558060 64597.0 0
1729403562465 64599.0 0
1729403565120 64598.0 0
1729403569960 64600.0 0
1729403571238 64601.0 0
1729403580150 64602.0 0
1729403587211 64605.0 0
1729403590202 64603.0 0
1729403591036 64604.0 0
1729403595198 64606.0 0
1729403595935 64607.0 0
1729403607818 64608.0 0
1729403611726 64609.0 0
1729403614350 64612.0 0
1729403620817 64610.0 0
1729403623550 64611.0 0
1729403633926 64613.0 0
1729403634577 64615.0 0
1729403639313 64614.0 0
1729403648760 64617.0 0
1729403649605 64619.0 0
1729403650156 64616.0 0
1729403660298 64618.0 0
1729403664073 64620.0 0
1729403664993 64621.0 0
1729403670155 64622.0 0
1729403680803 64623.0 0
1729403681803 64625.0 0
1729403686357 64627.0 0
1729403686523 64626.0 0
1729403687558 64624.0 0
1729403699798 64629.0 0
1729403703900 64632.0 0
1729403707165 64628.0 0
1729403708310 64631.0 0
1729403709767 64630.0 0
1729403720020 64633.0 0
1729403725991 64636.0 0
1729403726477 64634.0 0
1729403726532 64637.0 0
1729403726681 64635.0 0
1729403741233 64641.0 0
1729403744850 64639.0 0
1729403747808 64642.0 0
1729403747862 64638.0 0
1729403749707 64640.0 0
1729403766807 64643.0 0
1729403768462 64644.0 0
1729403772912 64646.0 0
1729403777037 64647.0 0
1729403777086 64645.0 0
1729403783757 64649.0 0
1729403792783 64650.0 0
1729403793489 64651.0 0
1729403794588 64648.0 0
1729403798603 64653.0 0
1729403806386 64652.0 0
1729403811272 64655.0 0
1729403813307 64656.0 0
1729403814762 64654.0 0
1729403828127 64657.0 0
1729403832589 64660.0 0
1729403836380 64658.0 0
1729403839366 64661.0 0
1729403839484 64659.0 0
1729403853682 64663.0 0
1729403858571 64662.0 0
1729403864224 64666.0 0
1729403864292 64665.0 0
1729403867432 64664.0 0
1729403874676 64667.0 0
1729403881395 64668.0 0
1729403884260 64670.0 0
1729403886602 64669.0 0
1729403896304 64671.0 0
1729403896521 64672.0 0
1729403897882 64673.0 0
1729403900807 64675.0 0
1729403907932 64674.0 0
1729403916925 64678.0 0
1729403916994 64677.0 0
1729403920737 64676.0 0
1729403922087 64680.0 0
1729403928977 64679.0 0
1729403935635 64681.0 0
1729403938037 64682.0 0
1729403943847 64684.0 0
1729403945847 64683.0 0
1729403950906 64685.0 0
1729403953377 64686.0 0
1729403956327 64687.0 0
1729403963907 64688.0 0
1729403968804 64691.0 0
1729403972404 64692.0 0
1729403973285 64689.0 0
1729403975702 64690.0 0
1729403987195 64695.0 0
1729403989639 64694.0 0
1729403991329 64693.0 0
1729403999614 64696.0 0
1729404003672 64697.0 0
1729404012535 64698.0 0
1729404018856 64699.0 0
1729404018909 64700.0 0
1729404021497 64701.0 0
1729404023666 64702.0 0
1729404036774 64703.0 0
1729404046869 64705.0 0
1729404047087 64704.0 0
1729404048266 64706.0 0
1729404050037 64707.0 0
1729404063605 64710.0 0
1729404064042 64708.0 0
1729404064458 64712.0 0
1729404074221 64709.0 0
1729404077722 64711.0 0
1729404079295 64713.0 0
1729404083633 64715.0 0
1729404083678 64714.0 0
1729404092820 64716.0 0
1729404104528 64720.0 0
1729404106902 64717.0 0
1729404107710 64718.0 0
1729404110716 64719.0 0
1729404111192 64721.0 0
1729404122566 64723.0 0
1729404124856 64724.0 0
1729404126761 64722.0 0
1729404132623 64725.0 0
1729404136641 64726.0 0
1729404141816 64728.0 0
1729404151026 64729.0 0
1729404151561 64730.0 0
1729404152540 64727.0 0
1729404153824 64731.0 0
1729404169748 64736.0 0
1729404170066 64732.0 0
1729404172376 64735.0 0
1729404178151 64733.0 0
1729404178784 64734.0 0
1729404192214 64739.0 0
1729404198207 64737.0 0
1729404199034 64741.0 0
1729404199364 64738.0 0
1729404206346 64740.0 0
1729404213248 64744.0 0
1729404219026 64745.0 0
1729404221048 64742.0 0
1729404222031 64746.0 0
1729404223158 64743.0 0
1729404236758 64748.0 0
1729404237548 64749.0 0
1729404240703 64747.0 0
1729404245406 64751.0 0
1729404250341 64750.0 0
1729404256436 64753.0 0
1729404256798 64754.0 0
1729404257861 64752.0 0
1729404271663 64755.0 0
1729404274733 64759.0 0
1729404275998 64756.0 0
1729404284070 64757.0 0
1729404287583 64758.0 0
1729404295766 64760.0 0
1729404303335 64761.0 0
1729404303912 64763.0 0
1729404306874 64764.0 0
1729404308078 64762.0 0
1729404319528 64765.0 0
1729404321181 64767.0 0
1729404326671 64769.0 0
1729404333914 64768.0 0
1729404335303 64766.0 0
1729404335695 64770.0 0
1729404351288 64775.0 0
1729404355150 64771.0 0
1729404358168 64772.0 0
1729404362489 64774.0 0
1729404362949 64773.0 0
1729404369184 64776.0 0
1729404385199 64779.0 0
1729404386247 64778.0 0
1729404398470 64780.0 0
1729404400498 64777.0 0
1729404402339 64781.0 0
1729404409345 64782.0 0
1729404412603 64783.0 0
1729404421833 64785.0 0
1729404423982 64784.0 0
1729404425243 64786.0 0
1729404441381 64787.0 0
1729404442389 64788.0 0
1729404447733 64791.0 0
1729404448324 64790.0 0
1729404456320 64789.0 0
1729404460068 64792.0 0
1729404467094 64795.0 0
1729404471034 64793.0 0
1729404474348 64794.0 0
1729404483749 64796.0 0
1729404489919 64797.0 0
1729404493718 64798.0 0
1729404496173 64799.0 0
1729404501794 64800.0 0
1729404508896 64803.0 0
1729404510265 64804.0 0
1729404515613 64802.0 0
1729404515688 64801.0 0
1729404522990 64805.0 0
1729404530539 64806.0 0
1729404538331 64810.0 0
1729404541071 64807.0 0
1729404547044 64809.0 0
1729404549276 64808.0 0
1729404558164 64811.0 0
1729404569812 64812.0 0
1729404571499 64813.0 0
1729404575880 64815.0 0
1729404577827 64814.0 0
1729404593342 64816.0 0
1729404597672 64818.0 0
1729404603116 64817.0 0
1729404606202 64819.0 0
1729404611510 64820.0 0
