1729398028448 0.9993329644203186 0
1729398032866 0.9715786576271057 0
1729398036588 0.9982311129570007 0
1729398037735 0.9994258880615234 0
1729398041003 0.9984629154205322 0
1729398056043 0.9996681213378906 0
1729398060555 0.9994033575057983 0
1729398062238 0.9987972974777222 0
1729398064363 0.9991645812988281 0
1729398070198 0.9976508021354675 0
1729398075716 0.9980871677398682 0
1729398086840 0.9983872175216675 0
1729398091053 0.9994033575057983 0
1729398092409 0.9987972974777222 0
1729398099259 0.9991645812988281 0
1729398103858 0.972055196762085 0
1729398109581 0.9996681213378906 0
1729398114280 0.9982311129570007 0
1729398122053 0.9976508021354675 0
1729398126173 0.9996565580368042 0
1729398128173 0.9984629154205322 0
1729398128836 0.9983872175216675 0
1729398137391 0.9715786576271057 0
1729398137451 0.9993329644203186 0
1729398149026 0.9996726512908936 0
1729398150026 0.9080901145935059 0
1729398153611 0.9996535778045654 0
1729398153943 0.9938604831695557 0
1729398156534 0.999430239200592 0
1729398172816 0.9994691014289856 0
1729398178037 0.9716188311576843 0
1729398179145 0.9995623230934143 0
1729398179543 0.9991723299026489 0
1729398185631 0.9988516569137573 0
1729398194691 0.992657482624054 0
1729398201305 0.9921184778213501 0
1729398206429 0.9440663456916809 0
1729398209408 0.9939923882484436 0
1729398212683 0.999777615070343 0
1729398215116 0.9993066787719727 0
1729398226690 0.6956836581230164 0
1729398230313 0.9996095299720764 0
1729398230462 0.9994819760322571 0
1729398234735 0.9980360865592957 0
1729398237769 0.9995100498199463 0
1729398247781 0.9998096823692322 0
1729398248394 0.9927290081977844 0
1729398249802 0.9982956051826477 0
1729398255829 0.9954857230186462 0
1729398266017 0.9992407560348511 0
1729398266690 0.9934304356575012 0
1729398270045 0.9995207786560059 0
1729398271332 0.998796820640564 0
1729398275710 0.9993315935134888 0
1729398289975 0.9993833303451538 0
1729398291505 0.9977093935012817 0
1729398294525 0.9998005032539368 0
1729398297645 0.9978412389755249 0
1729398302809 0.9987378716468811 0
1729398308942 0.9968649744987488 0
1729398312433 0.9986845850944519 0
1729398324950 0.9967779517173767 0
1729398325027 0.9958542585372925 0
1729398331470 0.9995409250259399 0
1729398332542 0.9989703893661499 0
1729398335327 0.9947899580001831 0
1729398349737 0.9949251413345337 0
1729398352899 0.9185100197792053 0
1729398354385 0.9990884065628052 0
1729398357122 0.9996640682220459 0
1729398364555 0.9993360638618469 0
1729398369129 0.998744010925293 0
1729398377729 0.9989812970161438 0
1729398384072 0.9990345239639282 0
1729398385967 0.9994210004806519 0
1729398386218 0.9994245767593384 0
1729398396344 0.9986217021942139 0
1729398396927 0.9995474219322205 0
1729398404841 0.998958945274353 0
1729398411489 0.9993797540664673 0
1729398412702 0.9533398747444153 0
1729398417515 0.9995275735855103 0
1729398417585 0.9899389743804932 0
1729398428432 0.9993104934692383 0
1729398430840 0.999123752117157 0
1729398431733 0.9987602233886719 0
1729398433659 0.9994852542877197 0
1729398450784 0.9958192110061646 0
1729398452497 0.9972634315490723 0
1729398453268 0.9995684027671814 0
1729398457337 0.9997928738594055 0
1729398461693 0.9997749924659729 0
1729398475310 0.9975259900093079 0
1729398478792 0.9991601705551147 0
1729398479272 0.9992173910140991 0
1729398482548 0.9869821667671204 0
1729398491135 0.7293481826782227 0
1729398502904 0.9988613128662109 0
1729398504497 0.9995055198669434 0
1729398508889 0.9997100234031677 0
1729398510005 0.9417856335639954 0
1729398521711 0.9984304308891296 0
1729398527331 0.9989528656005859 0
1729398532653 0.5685214400291443 0
1729398542993 0.996281087398529 0
1729398544704 0.9924659729003906 0
1729398547046 0.9964003562927246 0
1729398554526 0.9845565557479858 0
1729398564348 0.966064453125 0
1729398571040 0.9986613988876343 0
1729398575674 0.9950880408287048 0
1729398576163 0.9942078590393066 0
1729398581884 0.9992424249649048 0
1729398593844 0.9992425441741943 0
1729398596059 0.9997232556343079 0
1729398603813 0.9245119094848633 0
1729398604805 0.9957695007324219 0
1729398616489 0.9994764924049377 0
1729398623061 0.9952358603477478 0
1729398628716 0.9989857077598572 0
1729398628821 0.9994664788246155 0
1729398641754 0.9813694953918457 0
1729398644879 0.997329592704773 0
1729398651749 0.9926031231880188 0
1729398651798 0.9966673254966736 0
1729398651969 0.9994764924049377 0
1729398652066 0.9969391822814941 0
1729398671502 0.9974488615989685 0
1729398673009 0.9997288584709167 0
1729398675144 0.999640941619873 0
1729398681538 0.9928168058395386 0
1729398681636 0.997368574142456 0
1729398701747 0.9996275901794434 0
1729398701821 0.9899587035179138 0
1729398701922 0.9934312701225281 0
1729398702031 0.9209028482437134 0
1729398718301 0.9938709735870361 0
1729398728692 0.9993504881858826 0
1729398728733 0.9952274560928345 0
1729398731692 0.9992309808731079 0
1729398737602 0.998819887638092 0
1729398748639 0.9995655417442322 0
1729398754309 0.9781625866889954 0
1729398755709 0.9940430521965027 0
1729398758010 0.9996954202651978 0
1729398759551 0.9996482133865356 0
1729398779809 0.9946891069412231 0
1729398782281 0.9997778534889221 0
1729398784345 0.998559296131134 0
1729398791141 0.9994269609451294 0
1729398792723 0.9997435212135315 0
1729398801040 0.9816161394119263 0
1729398809171 0.9985514283180237 0
1729398810241 0.9994513392448425 0
1729398811545 0.9987069368362427 0
1729398825807 0.9993853569030762 0
1729398826198 0.9996254444122314 0
1729398833785 0.9995301961898804 0
1729398839841 0.9997156262397766 0
1729398845609 0.9992749094963074 0
1729398846092 0.9997715353965759 0
1729398862135 0.9972857236862183 0
1729398866831 0.9927405714988708 0
1729398867070 0.7256013751029968 0
1729398878281 0.9994214773178101 0
1729398881246 0.9995373487472534 0
1729398885113 0.9992108345031738 0
1729398890775 0.9981765747070312 0
1729398900243 0.9954121708869934 0
1729398901587 0.9995978474617004 0
1729398903535 0.9939275979995728 0
1729398905930 0.9997232556343079 0
1729398910697 0.9989548921585083 0
1729398922096 0.9994698166847229 0
1729398928303 0.9995483756065369 0
1729398932331 0.5593312978744507 0
1729398933262 0.9314349889755249 0
1729398936980 0.9687895178794861 0
1729398941830 0.9977772831916809 0
1729398944142 0.9933304190635681 0
1729398947993 0.9937911629676819 0
1729398961455 0.9987074136734009 0
1729398965991 0.9901266098022461 0
1729398966828 0.9996812343597412 0
1729398971393 0.9993147850036621 0
1729398975881 0.9944620728492737 0
1729398985216 0.9997045397758484 0
1729398985280 0.9980523586273193 0
1729398985404 0.9995569586753845 0
1729399003778 0.9996185302734375 0
1729399003823 0.9997875094413757 0
1729399007698 0.9842082858085632 0
1729399012890 0.9995633959770203 0
1729399016597 0.9997603297233582 0
1729399031350 0.9993833303451538 0
1729399035273 0.9991936087608337 0
1729399035900 0.9997274279594421 0
1729399036885 0.9929954409599304 0
1729399044283 0.9853441119194031 0
1729399056392 0.9856660962104797 0
1729399059175 0.999744713306427 0
1729399061868 0.9994086027145386 0
1729399062307 0.9997676014900208 0
1729399067995 0.9997262358665466 0
1729399083587 0.9967052340507507 0
1729399088418 0.9930822849273682 0
1729399088637 0.9956780076026917 0
1729399091888 0.9997087121009827 0
1729399094252 0.9994194507598877 0
1729399109646 0.9036213755607605 0
1729399113024 0.9964359998703003 0
1729399116966 0.9946645498275757 0
1729399123568 0.9793969392776489 0
1729399126953 0.9995166063308716 0
1729399135257 0.9996812343597412 0
1729399136469 0.9845579266548157 0
1729399137099 0.9995822310447693 0
1729399153079 0.999188244342804 0
1729399153133 0.9994027614593506 0
1729399159066 0.9996479749679565 0
1729399159106 0.9990555644035339 0
1729399160466 0.9602046608924866 0
1729399174972 0.9988375306129456 0
1729399183327 0.999514102935791 0
1729399190085 0.9985483288764954 0
1729399192214 0.9973750114440918 0
1729399196394 0.9987581968307495 0
1729399199571 0.9488217234611511 0
1729399215126 0.9446570873260498 0
1729399216169 0.9993833303451538 0
1729399227287 0.998076319694519 0
1729399232976 0.9941966533660889 0
1729399233386 0.9995166063308716 0
1729399238432 0.999512791633606 0
1729399249222 0.9963359832763672 0
1729399260579 0.9984813332557678 0
1729399263329 0.9996353387832642 0
1729399263954 0.9955915808677673 0
1729399265441 0.9946087598800659 0
1729399276582 0.9996017813682556 0
1729399280964 0.9981101751327515 0
1729399287214 0.999427855014801 0
1729399289557 0.9994497895240784 0
1729399289624 0.9960200190544128 0
1729399310074 0.9995166063308716 0
1729399313387 0.7864991426467896 0
1729399318872 0.9996042847633362 0
1729399320849 0.9997044205665588 0
1729399327596 0.998384952545166 0
1729399335311 0.9818838834762573 0
1729399337644 0.999206006526947 0
1729399354529 0.9931948184967041 0
1729399358201 0.9970914125442505 0
1729399371182 0.9988042116165161 0
1729399374950 0.9996610879898071 0
1729399375832 0.9985248446464539 0
1729399388968 0.9993477463722229 0
1729399394741 0.9991065859794617 0
1729399409317 0.9643417000770569 0
1729399411504 0.998777449131012 0
1729399411574 0.9992303848266602 0
1729399412961 0.9997685551643372 0
1729399416215 0.9991344809532166 0
1729399438392 0.999479353427887 0
1729399439327 0.9950959086418152 0
1729399439582 0.9996176958084106 0
1729399443189 0.9744430780410767 0
1729399446919 0.9989859461784363 0
1729399463988 0.9944650530815125 0
1729399466806 0.9969618916511536 0
1729399468269 0.9987273812294006 0
1729399469103 0.9961118102073669 0
1729399469250 0.9989713430404663 0
1729399487411 0.9994756579399109 0
1729399493431 0.9930928945541382 0
1729399495441 0.9913456439971924 0
1729399496890 0.9996737241744995 0
1729399498539 0.9984301924705505 0
1729399513174 0.9980409741401672 0
1729399522296 0.9955660700798035 0
1729399522461 0.9932529330253601 0
1729399523186 0.9993833303451538 0
1729399523997 0.9998018145561218 0
1729399538236 0.9496589303016663 0
1729399538541 0.9997077584266663 0
1729399552293 0.9617300033569336 0
1729399560308 0.998407781124115 0
1729399561861 0.9990769624710083 0
1729399573163 0.9817619323730469 0
1729399582525 0.9905205965042114 0
1729399598908 0.6599699258804321 0
1729399600763 0.9976792931556702 0
1729399602046 0.9965896606445312 0
1729399607579 0.9959526062011719 0
1729399619661 0.997489333152771 0
1729399622653 0.9989305138587952 0
1729399623811 0.9467960000038147 0
1729399629723 0.9997820258140564 0
1729399632828 0.9997439980506897 0
1729399647828 0.9997251629829407 0
1729399648396 0.9855300188064575 0
1729399652003 0.9981732368469238 0
1729399655718 0.9996175765991211 0
1729399663889 0.9498999118804932 0
1729399672519 0.999254047870636 0
1729399673843 0.997295081615448 0
1729399683439 0.9991090893745422 0
1729399684861 0.9988763928413391 0
1729399696838 0.9154660105705261 0
1729399698301 0.9799134731292725 0
1729399701239 0.9763293266296387 0
1729399712954 0.9993461966514587 0
1729399714383 0.975909411907196 0
1729399719569 0.9942615032196045 0
1729399726700 0.9897597432136536 0
1729399729554 0.9984616041183472 0
1729399731175 0.9997068047523499 0
1729399738567 0.9382399320602417 0
1729399742619 0.9943512678146362 0
1729399748284 0.97773277759552 0
1729399760334 0.9989588260650635 0
1729399770423 0.9996707439422607 0
1729399772794 0.9212445616722107 0
1729399773308 0.983653724193573 0
1729399777779 0.9997623562812805 0
1729399784810 0.9993705153465271 0
1729399795360 0.99954754114151 0
1729399795429 0.9993112087249756 0
1729399798510 0.9997139573097229 0
1729399800603 0.9962835907936096 0
1729399806380 0.9990260601043701 0
1729399813590 0.9997549653053284 0
1729399821988 0.8967295289039612 0
1729399823392 0.999591052532196 0
1729399825542 0.998244047164917 0
1729399826753 0.9994951486587524 0
1729399843764 0.999417781829834 0
1729399844957 0.9995021820068359 0
1729399845100 0.9995542168617249 0
1729399851263 0.9997288584709167 0
1729399858789 0.9997857213020325 0
1729399870654 0.9997166991233826 0
1729399874629 0.999491810798645 0
1729399874690 0.9995331764221191 0
1729399875245 0.9990389347076416 0
1729399881694 0.7806861996650696 0
1729399888625 0.9993416666984558 0
1729399891355 0.9996410608291626 0
1729399901404 0.996068000793457 0
1729399902925 0.9983367919921875 0
1729399903010 0.9954919219017029 0
1729399917078 0.9988746047019958 0
1729399919454 0.9997647404670715 0
1729399921432 0.9971113204956055 0
1729399930410 0.9996942281723022 0
1729399932422 0.9991933703422546 0
1729399935854 0.99977046251297 0
1729399942605 0.9996615648269653 0
1729399948010 0.9997970461845398 0
1729399951882 0.988195538520813 0
1729399953128 0.9849628210067749 0
1729399960957 0.9991554021835327 0
1729399969232 0.9992749094963074 0
1729399972518 0.8366949558258057 0
1729399978205 0.9982283711433411 0
1729399978514 0.9598329663276672 0
1729399980030 0.9959871172904968 0
1729399987419 0.9996609687805176 0
1729399995360 0.9816771745681763 0
1729399996154 0.9566524624824524 0
1729399999392 0.9994568228721619 0
1729400009103 0.999031662940979 0
1729400013193 0.9905458688735962 0
1729400023290 0.9548181295394897 0
1729400024723 0.9983177185058594 0
1729400030252 0.9996722936630249 0
1729400030876 0.9996065497398376 0
1729400037121 0.9995771050453186 0
1729400044034 0.9975566864013672 0
1729400053416 0.9868799448013306 0
1729400055874 0.9983981251716614 0
1729400056200 0.9953557252883911 0
1729400057847 0.9930920600891113 0
1729400071529 0.9990164041519165 0
1729400082388 0.99922776222229 0
1729400082443 0.9924716949462891 0
1729400082505 0.9961418509483337 0
1729400085129 0.9759833216667175 0
1729400099181 0.9996899366378784 0
1729400105929 0.999589741230011 0
1729400110357 0.9992511868476868 0
1729400110501 0.9984163045883179 0
1729400113271 0.9995701909065247 0
1729400118625 0.999504804611206 0
1729400132091 0.8661161661148071 0
1729400132378 0.9980154037475586 0
1729400133639 0.9958229064941406 0
1729400137246 0.8071011304855347 0
1729400139451 0.9884294271469116 0
1729400160219 0.9926236867904663 0
1729400160521 0.9996322393417358 0
1729400161710 0.9997366070747375 0
1729400162669 0.9997342228889465 0
1729400167839 0.9991401433944702 0
1729400181559 0.9954161643981934 0
1729400184406 0.9964717626571655 0
1729400186704 0.9996625185012817 0
1729400191171 0.9989843964576721 0
1729400197114 0.9995864033699036 0
1729400203298 0.9995176792144775 0
1729400209599 0.9972274899482727 0
1729400217426 0.9933244585990906 0
1729400219726 0.999595582485199 0
1729400221469 0.9875394105911255 0
1729400222374 0.9982203841209412 0
1729400233873 0.9957419037818909 0
1729400242019 0.9986109733581543 0
1729400243264 0.9997949004173279 0
1729400250265 0.9941482543945312 0
1729400252351 0.9997132420539856 0
1729400253339 0.9733686447143555 0
1729400264344 0.997200608253479 0
1729400270317 0.9837536215782166 0
1729400271232 0.9987658262252808 0
1729400281303 0.998497724533081 0
1729400285124 0.9885880947113037 0
1729400293121 0.9994516968727112 0
1729400299458 0.9996263980865479 0
1729400301564 0.7326189279556274 0
1729400307772 0.9994822144508362 0
1729400311235 0.9893383979797363 0
1729400314741 0.9994470477104187 0
1729400319758 0.9865947961807251 0
1729400326183 0.9997691512107849 0
1729400328099 0.9998169541358948 0
1729400339843 0.9988917708396912 0
1729400344878 0.99595046043396 0
1729400349288 0.9995803236961365 0
1729400351696 0.9997830986976624 0
1729400361006 0.9970473647117615 0
1729400367121 0.9956958293914795 0
1729400367795 0.9989150762557983 0
1729400374852 0.9989590644836426 0
1729400378990 0.9953334927558899 0
1729400393035 0.9996819496154785 0
1729400395178 0.9972676038742065 0
1729400395703 0.5072910189628601 0
1729400399252 0.9951452612876892 0
1729400403855 0.9996711015701294 0
1729400416426 0.9973281621932983 0
1729400424378 0.9985474944114685 0
1729400426703 0.9983848333358765 0
1729400427100 0.9996215105056763 0
1729400429948 0.9989414811134338 0
1729400438783 0.860298216342926 0
1729400442303 0.9997074007987976 0
1729400449545 0.999086856842041 0
1729400454250 0.9997017979621887 0
1729400458782 0.9974798560142517 0
1729400463313 0.9993815422058105 0
1729400464650 0.9447022080421448 0
1729400467128 0.99397873878479 0
1729400477833 0.999745786190033 0
1729400479555 0.9985361099243164 0
1729400485538 0.9992233514785767 0
1729400492210 0.9981247782707214 0
1729400495018 0.9994452595710754 0
1729400496178 0.9997496008872986 0
1729400497775 0.9770289063453674 0
1729400507868 0.9853060245513916 0
1729400517463 0.914353609085083 0
1729400520415 0.9997361302375793 0
1729400521183 0.9993401169776917 0
1729400524178 0.9942166805267334 0
1729400525440 0.9994139671325684 0
1729400539673 0.9812635183334351 0
1729400543978 0.9684790372848511 0
1729400546613 0.9986304044723511 0
1729400549113 0.9777553677558899 0
1729400553428 0.9994841814041138 0
1729400563798 0.9984591007232666 0
1729400565288 0.9997944235801697 0
1729400574640 0.9997208714485168 0
1729400574953 0.8718558549880981 0
1729400582550 0.868153989315033 0
1729400588268 0.9997257590293884 0
1729400594758 0.9995644688606262 0
1729400601663 0.9993539452552795 0
1729400602385 0.9959004521369934 0
1729400605045 0.9996104836463928 0
1729400607708 0.9955012202262878 0
1729400615320 0.9996459484100342 0
1729400622307 0.9997602105140686 0
1729400623135 0.9990423321723938 0
1729400624752 0.947444498538971 0
1729400636910 0.999235987663269 0
1729400638205 0.9922882914543152 0
1729400638492 0.9991884827613831 0
1729400643893 0.9998396635055542 0
1729400652200 0.9958360195159912 0
1729400652286 0.9110773205757141 0
1729400657757 0.9998132586479187 0
1729400659787 0.5934208035469055 0
1729400667165 0.9989815354347229 0
1729400669743 0.9996367692947388 0
1729400672712 0.851486325263977 0
1729400674533 0.9990094900131226 0
1729400686436 0.9901881814002991 0
1729400689473 0.9814190864562988 0
1729400692516 0.9990094900131226 0
1729400699407 0.97722989320755 0
1729400700642 0.9940246939659119 0
1729400702927 0.9998602867126465 0
1729400713064 0.8343254327774048 0
1729400720683 0.9998792409896851 0
1729400725729 0.9970121383666992 0
1729400725971 0.9998812675476074 0
1729400731214 0.9994868040084839 0
1729400736126 0.9985113739967346 0
1729400746388 0.9993608593940735 0
1729400752657 0.9945434331893921 0
1729400755959 0.9997292160987854 0
1729400758271 0.9846605658531189 0
1729400767439 0.9985219836235046 0
1729400774085 0.9963588118553162 0
1729400776927 0.9992573857307434 0
1729400779179 0.9997698664665222 0
1729400780447 0.9995059967041016 0
1729400792259 0.9991173148155212 0
1729400797122 0.9995062351226807 0
1729400798119 0.9018242955207825 0
1729400799267 0.9998014569282532 0
1729400801826 0.9954374432563782 0
1729400813297 0.9998180270195007 0
1729400816834 0.9998410940170288 0
1729400819497 0.9997630715370178 0
1729400823925 0.9998300075531006 0
1729400827529 0.999553382396698 0
1729400838999 0.9998750686645508 0
1729400839081 0.9997945427894592 0
1729400846060 0.992770254611969 0
1729400847906 0.9857067465782166 0
1729400854854 0.9857563376426697 0
1729400861383 0.999862551689148 0
1729400866937 0.9994655251502991 0
1729400870743 0.9995434880256653 0
1729400873057 0.9874410629272461 0
1729400876987 0.999786913394928 0
1729400884837 0.9997807145118713 0
1729400891176 0.9880911111831665 0
1729400892534 0.9997723698616028 0
1729400894386 0.9924544095993042 0
1729400896829 0.9998445510864258 0
1729400910797 0.9998711347579956 0
1729400911377 0.9956069588661194 0
1729400913722 0.9966412782669067 0
1729400913821 0.9993981122970581 0
1729400924735 0.9635915756225586 0
1729400933990 0.9998307228088379 0
1729400935447 0.9995235204696655 0
1729400938522 0.9982872605323792 0
1729400943116 0.9959465861320496 0
1729400947895 0.9996228218078613 0
1729400961940 0.9998010993003845 0
1729400963013 0.9838500022888184 0
1729400965117 0.9472177624702454 0
1729400967877 0.9997661709785461 0
1729400977242 0.9998177886009216 0
1729400983933 0.9661465287208557 0
1729400985165 0.99985671043396 0
1729400987512 0.9998354911804199 0
1729400988528 0.999752938747406 0
1729401000544 0.9980637431144714 0
1729401010760 0.9994463324546814 0
1729401011786 0.9989412426948547 0
1729401013101 0.999332845211029 0
1729401014620 0.9741831421852112 0
1729401027159 0.9997475743293762 0
1729401028368 0.9996944665908813 0
1729401034227 0.9998493194580078 0
1729401035364 0.9991759657859802 0
1729401041692 0.997731626033783 0
1729401045109 0.9997578263282776 0
1729401046840 0.9995936751365662 0
1729401056721 0.999772846698761 0
1729401060991 0.9998098015785217 0
1729401061496 0.9135268926620483 0
1729401062713 0.9937022924423218 0
1729401068751 0.9997507929801941 0
1729401071930 0.9994590878486633 0
1729401076378 0.9997168183326721 0
1729401081351 0.999803364276886 0
1729401086630 0.9958859086036682 0
1729401091398 0.9996969699859619 0
1729401094601 0.9998109936714172 0
1729401099540 0.9993358254432678 0
1729401107468 0.99979168176651 0
1729401110641 0.8059011101722717 0
1729401114828 0.9983291029930115 0
1729401115646 0.7445147633552551 0
1729401116803 0.9989448189735413 0
1729401133191 0.9994853734970093 0
1729401133313 0.9977885484695435 0
1729401133763 0.9987101554870605 0
1729401136741 0.9992988109588623 0
1729401137821 0.9978152513504028 0
1729401157348 0.9995723366737366 0
1729401157778 0.9990587830543518 0
1729401158901 0.9995545744895935 0
1729401161291 0.997418999671936 0
1729401165141 0.9980528354644775 0
1729401179481 0.9991846680641174 0
1729401184338 0.9997707009315491 0
1729401185888 0.9552565217018127 0
1729401186198 0.9968036413192749 0
1729401188971 0.6258531808853149 0
1729401202459 0.9997920393943787 0
1729401203741 0.70427405834198 0
1729401209523 0.9903207421302795 0
1729401213881 0.9985527396202087 0
1729401214713 0.9969668984413147 0
1729401227716 0.997338593006134 0
1729401230543 0.9842028617858887 0
1729401230595 0.9994910955429077 0
1729401230661 0.9998483657836914 0
1729401239616 0.9320651888847351 0
1729401247391 0.9993244409561157 0
1729401249109 0.6676127314567566 0
1729401249186 0.9783510565757751 0
1729401254486 0.9948742985725403 0
1729401257722 0.9992192983627319 0
1729401269205 0.9998384714126587 0
1729401271281 0.998885452747345 0
1729401273403 0.9996867179870605 0
1729401278499 0.9907091856002808 0
1729401278930 0.9763169288635254 0
1729401293099 0.9841594696044922 0
1729401294265 0.9997242093086243 0
1729401297145 0.550724446773529 0
1729401298625 0.9994145631790161 0
1729401302113 0.9997881054878235 0
1729401314771 0.9532831907272339 0
1729401316151 0.9917172789573669 0
1729401318427 0.9880202412605286 0
1729401323803 0.9891217350959778 0
1729401325256 0.9983015060424805 0
1729401335645 0.9996485710144043 0
1729401335709 0.9997966885566711 0
1729401340245 0.9989049434661865 0
1729401348953 0.9993686079978943 0
1729401354899 0.9993886947631836 0
1729401355875 0.9998179078102112 0
1729401356329 0.9841781258583069 0
1729401364410 0.9830864667892456 0
1729401375020 0.9995934367179871 0
1729401375625 0.969666600227356 0
1729401377705 0.9998032450675964 0
1729401382255 0.9988686442375183 0
1729401388340 0.9995810389518738 0
1729401391692 0.9993464350700378 0
1729401395057 0.9731245636940002 0
1729401403853 0.9997491240501404 0
1729401409605 0.6766321659088135 0
1729401415289 0.998028576374054 0
1729401418579 0.9869405627250671 0
1729401423827 0.9997209906578064 0
1729401430713 0.998688280582428 0
1729401437471 0.9972357153892517 0
1729401440042 0.9993264675140381 0
1729401441295 0.9998539686203003 0
1729401444321 0.9980510473251343 0
1729401456143 0.9993226528167725 0
1729401456205 0.9998760223388672 0
1729401461107 0.999839186668396 0
1729401465405 0.992213785648346 0
1729401470400 0.9998071789741516 0
1729401474878 0.9997617602348328 0
1729401480917 0.9931212067604065 0
1729401484565 0.7853516340255737 0
1729401485363 0.5543785095214844 0
1729401491942 0.9987412095069885 0
1729401501704 0.9486202597618103 0
1729401505357 0.9925497770309448 0
1729401508850 0.9998877048492432 0
1729401515265 0.9984519481658936 0
1729401517614 0.9983813762664795 0
1729401521184 0.9993244409561157 0
1729401521778 0.9996528625488281 0
1729401537860 0.9966326355934143 0
1729401538928 0.9978152513504028 0
1729401539251 0.9998652935028076 0
1729401541318 0.999489426612854 0
1729401543148 0.9990496039390564 0
1729401558038 0.9998500347137451 0
1729401565917 0.8798161745071411 0
1729401568332 0.8178720474243164 0
1729401568395 0.629694938659668 0
1729401569513 0.9998753070831299 0
1729401580214 0.9997692704200745 0
1729401589910 0.9845550656318665 0
1729401591091 0.9877540469169617 0
1729401597915 0.996343195438385 0
1729401600754 0.9985382556915283 0
1729401609374 0.9981437921524048 0
1729401615604 0.9917650818824768 0
1729401618618 0.9601773023605347 0
1729401619185 0.9988322854042053 0
1729401619398 0.9981904625892639 0
1729401624281 0.9971551895141602 0
1729401634852 0.9994277358055115 0
1729401641317 0.9831570982933044 0
1729401641406 0.9670979976654053 0
1729401643249 0.9974364638328552 0
1729401650518 0.9991773962974548 0
1729401650714 0.9959394931793213 0
1729401658362 0.9998565912246704 0
1729401669476 0.9723175168037415 0
1729401669528 0.9366598129272461 0
1729401673328 0.9998589754104614 0
1729401679451 0.9585685729980469 0
1729401680879 0.9783410429954529 0
1729401695813 0.9966777563095093 0
1729401697916 0.9965477585792542 0
1729401698008 0.9996769428253174 0
1729401698518 0.9993288516998291 0
1729401706762 0.9717082977294922 0
1729401715941 0.9990505576133728 0
1729401720451 0.997456967830658 0
1729401721768 0.9988101720809937 0
1729401722201 0.9740726947784424 0
1729401735169 0.9993603825569153 0
1729401736052 0.9995455145835876 0
1729401739436 0.9992904663085938 0
1729401745094 0.9997478127479553 0
1729401753763 0.8878596425056458 0
1729401758233 0.998256266117096 0
1729401763662 0.9997857213020325 0
1729401767488 0.9997501969337463 0
1729401768942 0.6995952129364014 0
1729401776282 0.9998445510864258 0
1729401782538 0.5400463342666626 0
1729401787703 0.9998412132263184 0
1729401788313 0.9998157620429993 0
1729401790103 0.9998412132263184 0
1729401803488 0.9995428323745728 0
1729401804564 0.8512236475944519 0
1729401807948 0.9940367937088013 0
1729401811064 0.7576348185539246 0
1729401816443 0.9996862411499023 0
1729401819139 0.9998170733451843 0
1729401826451 0.9997486472129822 0
1729401833954 0.9997660517692566 0
1729401836474 0.996802568435669 0
1729401840656 0.9471423625946045 0
1729401843396 0.9982675313949585 0
1729401847819 0.9956703186035156 0
1729401848066 0.9649965763092041 0
1729401855201 0.9991905093193054 0
1729401857214 0.9998413324356079 0
1729401865123 0.9971141815185547 0
1729401867686 0.9990342855453491 0
1729401874162 0.9997027516365051 0
1729401876833 0.9990249872207642 0
1729401884317 0.6490921378135681 0
1729401886284 0.9989492297172546 0
1729401895061 0.9991707801818848 0
1729401904491 0.7716354131698608 0
1729401905095 0.999240517616272 0
1729401907173 0.9997709393501282 0
1729401912259 0.8634948134422302 0
1729401921421 0.999847412109375 0
1729401922446 0.9457123875617981 0
1729401924329 0.9998470544815063 0
1729401933736 0.9994953870773315 0
1729401937452 0.9998038411140442 0
1729401940499 0.9776315689086914 0
1729401943676 0.9998587369918823 0
1729401944071 0.9757064580917358 0
1729401956625 0.9982810020446777 0
1729401958650 0.999804675579071 0
1729401961123 0.9926918148994446 0
1729401961788 0.9995942711830139 0
1729401968575 0.9972848892211914 0
1729401973208 0.9949449896812439 0
1729401979178 0.9998032450675964 0
1729401986198 0.9996724128723145 0
1729401988252 0.9995885491371155 0
1729401990407 0.9996610879898071 0
1729401993117 0.9998524188995361 0
1729402000847 0.9993067979812622 0
1729402011538 0.7593083381652832 0
1729402017678 0.9996647834777832 0
1729402018221 0.999853253364563 0
1729402018421 0.999855637550354 0
1729402020797 0.9982635378837585 0
1729402036912 0.9963685274124146 0
1729402037355 0.9998735189437866 0
1729402040188 0.9996383190155029 0
1729402040495 0.7973063588142395 0
1729402048097 0.9842223525047302 0
1729402054900 0.9997972846031189 0
1729402060658 0.9857922196388245 0
1729402060790 0.9995775818824768 0
1729402064880 0.998798131942749 0
1729402068070 0.9993096590042114 0
1729402073408 0.9972387552261353 0
1729402088898 0.9989780187606812 0
1729402089943 0.9756417870521545 0
1729402090278 0.9998143315315247 0
1729402090348 0.9645447134971619 0
1729402101462 0.9993537068367004 0
1729402109918 0.8290500044822693 0
1729402112120 0.9852917194366455 0
1729402117940 0.9692608714103699 0
1729402119772 0.8164252638816833 0
1729402128530 0.9998171925544739 0
1729402133777 0.9985623955726624 0
1729402138800 0.9968593120574951 0
1729402141380 0.9968468546867371 0
1729402146745 0.8406599164009094 0
1729402155653 0.9989542961120605 0
1729402156811 0.9915969967842102 0
1729402161880 0.9851706624031067 0
1729402163572 0.9998088479042053 0
1729402168484 0.9834911227226257 0
1729402176157 0.9972532391548157 0
1729402182466 0.999708354473114 0
1729402183840 0.99982088804245 0
1729402186242 0.9947216510772705 0
1729402191110 0.9932883381843567 0
1729402197910 0.9808785915374756 0
1729402200546 0.9974305033683777 0
1729402210227 0.9998106360435486 0
1729402211058 0.9972705245018005 0
1729402214399 0.577100932598114 0
1729402224302 0.9993478655815125 0
1729402226280 0.9996848106384277 0
1729402237682 0.9996067881584167 0
1729402243842 0.9952057003974915 0
1729402243917 0.9664217829704285 0
1729402252286 0.9556873440742493 0
1729402254022 0.9548238515853882 0
1729402260571 0.9998570680618286 0
1729402262044 0.9970019459724426 0
1729402264481 0.9986948370933533 0
1729402279799 0.992699921131134 0
1729402280572 0.9991355538368225 0
1729402282830 0.9998008608818054 0
1729402283566 0.9987836480140686 0
1729402291247 0.8603246808052063 0
1729402298822 0.959122896194458 0
1729402303247 0.9997794032096863 0
1729402309368 0.9640260934829712 0
1729402312097 0.9996460676193237 0
1729402318074 0.999771773815155 0
1729402323112 0.9995085000991821 0
1729402326020 0.9994194507598877 0
1729402329324 0.9966148734092712 0
1729402332230 0.9690291285514832 0
1729402342732 0.5303263664245605 0
1729402345764 0.9584860801696777 0
1729402348584 0.9998500347137451 0
1729402356394 0.9997997879981995 0
1729402360057 0.9893725514411926 0
1729402367142 0.9996516704559326 0
1729402370202 0.9997826218605042 0
1729402374009 0.999884843826294 0
1729402377792 0.7212039232254028 0
1729402382744 0.9997761845588684 0
1729402388358 0.9975148439407349 0
1729402393324 0.9995607733726501 0
1729402398624 0.999550998210907 0
1729402401469 0.9822320938110352 0
1729402401957 0.9996484518051147 0
1729402416622 0.9550797939300537 0
1729402417839 0.999521017074585 0
1729402421172 0.9998156428337097 0
1729402421664 0.9992311000823975 0
1729402424257 0.9945043921470642 0
1729402435617 0.9996873140335083 0
1729402441460 0.992916464805603 0
1729402444849 0.9974527955055237 0
1729402448057 0.9996371269226074 0
1729402452662 0.9920971393585205 0
1729402463386 0.9997519850730896 0
1729402467108 0.9933944344520569 0
1729402470154 0.9996322393417358 0
1729402474695 0.9818427562713623 0
1729402483691 0.9919513463973999 0
1729402488677 0.9994742274284363 0
1729402490002 0.9983483552932739 0
1729402490592 0.9989334940910339 0
1729402496059 0.9987642765045166 0
1729402506202 0.9998511075973511 0
1729402506674 0.9998518228530884 0
1729402506931 0.9992107152938843 0
1729402510378 0.9998334646224976 0
1729402523873 0.9998168349266052 0
1729402524601 0.9997370839118958 0
1729402526644 0.9996374845504761 0
1729402532810 0.9990530610084534 0
1729402535717 0.9074598550796509 0
1729402541645 0.9998065829277039 0
1729402542176 0.9844940304756165 0
1729402545299 0.9998306035995483 0
1729402557166 0.999255359172821 0
1729402559184 0.9922744631767273 0
1729402561527 0.9937666654586792 0
1729402563937 0.9988407492637634 0
1729402566347 0.9990490078926086 0
1729402571655 0.9998645782470703 0
1729402582901 0.9990211725234985 0
1729402585149 0.9989628791809082 0
1729402587456 0.9995957016944885 0
1729402590863 0.9658197164535522 0
1729402599446 0.9962122440338135 0
1729402601290 0.9997023940086365 0
1729402613831 0.97722989320755 0
1729402615475 0.97722989320755 0
1729402618023 0.97722989320755 0
1729402627415 0.97722989320755 0
1729402631120 0.9854196906089783 0
1729402639786 0.9918558597564697 0
1729402643759 0.9977800250053406 0
1729402647496 0.9995697140693665 0
1729402654933 0.9997431635856628 0
1729402664595 0.9959542751312256 0
1729402665786 0.9993151426315308 0
1729402674153 0.9986221790313721 0
1729402674794 0.9981474876403809 0
1729402677087 0.998782217502594 0
1729402690648 0.9265467524528503 0
1729402693538 0.999484658241272 0
1729402695638 0.9994258880615234 0
1729402696486 0.9958206415176392 0
1729402706430 0.9876123070716858 0
1729402712733 0.9997251629829407 0
1729402713203 0.848201334476471 0
1729402718731 0.9988971948623657 0
1729402727048 0.9989621639251709 0
1729402729996 0.9967654943466187 0
1729402730046 0.9998722076416016 0
1729402742061 0.9989845156669617 0
1729402744968 0.9996871948242188 0
1729402746419 0.9997145533561707 0
1729402748496 0.9996095299720764 0
1729402749041 0.9994575381278992 0
1729402769376 0.954655110836029 0
1729402769830 0.9814190864562988 0
1729402771138 0.8035972118377686 0
1729402775733 0.999452531337738 0
1729402777547 0.972055196762085 0
1729402793269 0.9854674339294434 0
1729402796166 0.9901881814002991 0
1729402797466 0.9977746605873108 0
1729402800081 0.9992228746414185 0
1729402805190 0.9972502589225769 0
1729402814342 0.9996565580368042 0
1729402819991 0.9983595013618469 0
1729402823380 0.9940246939659119 0
1729402828852 0.9993645548820496 0
1729402830360 0.9993151426315308 0
1729402842652 0.9981474876403809 0
1729402843848 0.9986221790313721 0
1729402846950 0.998782217502594 0
1729402856790 0.9958206415176392 0
1729402857960 0.999484658241272 0
1729402860622 0.9265467524528503 0
1729402862362 0.9994258880615234 0
1729402871580 0.9958360195159912 0
1729402873553 0.9876123070716858 0
1729402878204 0.5934208035469055 0
1729402881335 0.9997251629829407 0
1729402884532 0.848201334476471 0
1729402893709 0.9988971948623657 0
1729402898710 0.9989621639251709 0
1729402901470 0.9998132586479187 0
1729402901505 0.9967654943466187 0
1729402905570 0.9998722076416016 0
1729402923097 0.9996095299720764 0
1729402925090 0.9996871948242188 0
1729402925589 0.9989815354347229 0
1729402925644 0.9994575381278992 0
1729402926292 0.9989845156669617 0
1729402939905 0.9997145533561707 0
1729402943117 0.9996367692947388 0
1729402950522 0.9937666654586792 0
1729402951299 0.8035972118377686 0
1729402954027 0.954655110836029 0
1729402965314 0.999452531337738 0
1729402970510 0.9854674339294434 0
1729402978561 0.9995957016944885 0
1729402979302 0.9110773205757141 0
1729402988497 0.9658197164535522 0
1729402989554 0.9997023940086365 0
1729402995538 0.9962122440338135 0
1729403008522 0.9977746605873108 0
1729403011766 0.9990490078926086 0
1729403011870 0.9994258880615234 0
1729403024194 0.9972502589225769 0
1729403025477 0.9992228746414185 0
1729403032524 0.9980871677398682 0
1729403035834 0.9983595013618469 0
1729403043841 0.97722989320755 0
1729403047708 0.9998645782470703 0
1729403052388 0.97722989320755 0
1729403057740 0.9990211725234985 0
1729403059298 0.97722989320755 0
1729403064247 0.851486325263977 0
1729403069082 0.9989628791809082 0
1729403078047 0.9854196906089783 0
1729403082715 0.9977800250053406 0
1729403086015 0.9918558597564697 0
1729403091409 0.9995697140693665 0
1729403096395 0.9997431635856628 0
1729403096484 0.9998396635055542 0
1729403108325 0.9959542751312256 0
1729403108376 0.9998270869255066 0
1729403114528 0.9993645548820496 0
1729403122158 0.9954031705856323 0
1729403122715 0.999811589717865 0
1729403123318 0.9998160004615784 0
1729403130884 0.9998468160629272 0
1729403140054 0.9994227886199951 0
1729403143258 0.9778343439102173 0
1729403150192 0.9913976192474365 0
1729403151031 0.975925862789154 0
1729403151498 0.9996480941772461 0
1729403162574 0.9921627640724182 0
1729403164130 0.9998082518577576 0
1729403167940 0.9941112399101257 0
1729403171731 0.9997993111610413 0
1729403177918 0.926078736782074 0
1729403180044 0.9973641037940979 0
1729403183814 0.9998315572738647 0
1729403187069 0.9992988109588623 0
1729403188457 0.9997149109840393 0
1729403195776 0.9998772144317627 0
1729403197248 0.99951171875 0
1729403202424 0.9998494386672974 0
1729403207493 0.999549925327301 0
1729403210985 0.9996261596679688 0
1729403213324 0.9991782307624817 0
1729403216166 0.9986409544944763 0
1729403230364 0.9941118359565735 0
1729403230759 0.9996237754821777 0
1729403231179 0.9990575909614563 0
1729403237467 0.9994045495986938 0
1729403240191 0.9994580149650574 0
1729403252959 0.9998692274093628 0
1729403255374 0.988789439201355 0
1729403256233 0.995183527469635 0
1729403260507 0.9996808767318726 0
1729403268131 0.9986550807952881 0
1729403273236 0.9998493194580078 0
1729403280559 0.9997721314430237 0
1729403283529 0.9998359680175781 0
1729403289021 0.9998447895050049 0
1729403298666 0.9992032647132874 0
1729403301061 0.9982106685638428 0
1729403307919 0.9942865967750549 0
1729403308041 0.9984351992607117 0
1729403310389 0.998810887336731 0
1729403317646 0.9998767375946045 0
1729403323201 0.9982329607009888 0
1729403323897 0.9998090863227844 0
1729403326861 0.9997757077217102 0
1729403334029 0.9982329607009888 0
1729403335064 0.9878209233283997 0
1729403341054 0.9998782873153687 0
1729403349128 0.9998706579208374 0
1729403354774 0.9995898604393005 0
1729403355486 0.99696284532547 0
1729403366485 0.9984373450279236 0
1729403368769 0.9903229475021362 0
1729403374514 0.9979070425033569 0
1729403379504 0.9552022218704224 0
1729403383481 0.9897783398628235 0
1729403386103 0.9998036026954651 0
1729403393259 0.9998261332511902 0
1729403402209 0.9980698227882385 0
1729403405123 0.9994754195213318 0
1729403407604 0.9982393980026245 0
1729403409321 0.9994482398033142 0
1729403417846 0.9998152852058411 0
1729403423184 0.9996180534362793 0
1729403423855 0.7713748216629028 0
1729403433329 0.9998136162757874 0
1729403433887 0.9997879862785339 0
1729403437819 0.9978309273719788 0
1729403444664 0.9915227890014648 0
1729403447906 0.755074143409729 0
1729403447977 0.9996553659439087 0
1729403451098 0.9856656193733215 0
1729403463065 0.9993082284927368 0
1729403464097 0.9992766976356506 0
1729403464858 0.9998194575309753 0
1729403471553 0.9969286322593689 0
1729403473870 0.9998229146003723 0
1729403483503 0.9996935129165649 0
1729403491020 0.5988034605979919 0
1729403492128 0.9986201524734497 0
1729403494684 0.9788903594017029 0
1729403499706 0.9967130422592163 0
1729403512603 0.9998310804367065 0
1729403515753 0.9988406300544739 0
1729403518592 0.9954872727394104 0
1729403522328 0.9971529245376587 0
1729403527565 0.9997146725654602 0
1729403530453 0.9992616772651672 0
1729403535970 0.9997959733009338 0
1729403542212 0.9998229146003723 0
1729403548488 0.9350048303604126 0
1729403549844 0.9998257756233215 0
1729403552938 0.9998359680175781 0
1729403558073 0.9998130202293396 0
1729403562478 0.9998070597648621 0
1729403565133 0.9994059801101685 0
1729403569975 0.9988001585006714 0
1729403571252 0.9226338267326355 0
1729403580166 0.8086596131324768 0
1729403587223 0.9993650317192078 0
1729403590215 0.9953325390815735 0
1729403591040 0.606879472732544 0
1729403595213 0.9993785619735718 0
1729403595943 0.9985951781272888 0
1729403607834 0.8915168046951294 0
1729403611738 0.6919018030166626 0
1729403614358 0.9998675584793091 0
1729403620830 0.9997941851615906 0
1729403623563 0.9989606142044067 0
1729403633936 0.9420286417007446 0
1729403634585 0.8884389996528625 0
1729403639325 0.9944126009941101 0
1729403648775 0.9998063445091248 0
1729403649620 0.9998589754104614 0
1729403650166 0.9996912479400635 0
1729403660310 0.9997151494026184 0
1729403664088 0.9997851252555847 0
1729403665005 0.999700665473938 0
1729403670168 0.999652624130249 0
1729403680811 0.5237236618995667 0
1729403681809 0.9997093081474304 0
1729403686370 0.999834418296814 0
1729403686538 0.9998698234558105 0
1729403687572 0.9887681603431702 0
1729403699812 0.995829164981842 0
1729403703913 0.999823272228241 0
1729403707180 0.9894040822982788 0
1729403708322 0.9998086094856262 0
1729403709780 0.999859094619751 0
1729403720027 0.9997178912162781 0
1729403726008 0.9998617172241211 0
1729403726491 0.9988558292388916 0
1729403726545 0.9978950023651123 0
1729403726689 0.9993719458580017 0
1729403741248 0.9998575448989868 0
1729403744860 0.8371381163597107 0
1729403747818 0.9996563196182251 0
1729403747871 0.9998371601104736 0
1729403749720 0.9994590878486633 0
1729403766816 0.9996848106384277 0
1729403768479 0.9992520213127136 0
1729403772930 0.8846522569656372 0
1729403777048 0.9126511216163635 0
1729403777096 0.9993988275527954 0
1729403783772 0.9997382760047913 0
1729403792791 0.6544339060783386 0
1729403793497 0.99922776222229 0
1729403794601 0.9992929697036743 0
1729403798616 0.9995098114013672 0
1729403806397 0.9939823746681213 0
1729403811289 0.9997503161430359 0
1729403813315 0.9990812540054321 0
1729403814771 0.9949501752853394 0
1729403828139 0.9616599678993225 0
1729403832601 0.9993244409561157 0
1729403836397 0.999779999256134 0
1729403839374 0.7189512252807617 0
1729403839495 0.9993288516998291 0
1729403853695 0.998853325843811 0
1729403858584 0.9970794916152954 0
1729403864240 0.9821138978004456 0
1729403864299 0.9935977458953857 0
1729403867446 0.9982012510299683 0
1729403874689 0.9774720072746277 0
1729403881409 0.9995664954185486 0
1729403884271 0.9996182918548584 0
1729403886617 0.9994810223579407 0
1729403896319 0.5501059293746948 0
1729403896534 0.9998326301574707 0
1729403897894 0.9997555613517761 0
1729403900819 0.9996938705444336 0
1729403907945 0.9994827508926392 0
1729403916941 0.9996131062507629 0
1729403917004 0.9989660978317261 0
1729403920749 0.9970622658729553 0
1729403922095 0.9998470544815063 0
1729403928989 0.9993108510971069 0
1729403935647 0.9998584985733032 0
1729403938055 0.9967777132987976 0
1729403943861 0.9943458437919617 0
1729403945862 0.9996514320373535 0
1729403950917 0.999428927898407 0
1729403953385 0.6269570589065552 0
1729403956337 0.9998095631599426 0
1729403963920 0.9994949102401733 0
1729403968819 0.9957921504974365 0
1729403972418 0.9828180074691772 0
1729403973296 0.9975824356079102 0
1729403975716 0.999690055847168 0
1729403987209 0.9982594847679138 0
1729403989646 0.9997255206108093 0
1729403991336 0.7633785009384155 0
1729403999629 0.9995452761650085 0
1729404003684 0.9990826845169067 0
1729404012547 0.8527534604072571 0
1729404018869 0.9993663430213928 0
1729404018916 0.9991970658302307 0
1729404021512 0.9997848868370056 0
1729404023676 0.9998663663864136 0
1729404036787 0.9918626546859741 0
1729404046881 0.9986816048622131 0
1729404047099 0.9992363452911377 0
1729404048278 0.7876938581466675 0
1729404050055 0.9981101751327515 0
1729404063618 0.9992311000823975 0
1729404064054 0.9993820190429688 0
1729404064466 0.9994980096817017 0
1729404074236 0.9997205138206482 0
1729404077735 0.9995286464691162 0
1729404079306 0.9983149766921997 0
1729404083646 0.9876750707626343 0
1729404083686 0.9997453093528748 0
1729404092829 0.9998635053634644 0
1729404104543 0.9994975328445435 0
1729404106914 0.9782946109771729 0
1729404107722 0.9985814094543457 0
1729404110728 0.9989905953407288 0
1729404111198 0.9994624257087708 0
1729404122580 0.998158872127533 0
1729404124868 0.999653697013855 0
1729404126769 0.9998798370361328 0
1729404132636 0.9995810389518738 0
1729404136654 0.9997599720954895 0
1729404141831 0.9997482895851135 0
1729404151041 0.9989379048347473 0
1729404151573 0.9997474551200867 0
1729404152548 0.9972357153892517 0
1729404153836 0.9994852542877197 0
1729404169760 0.9997099041938782 0
1729404170075 0.8507064580917358 0
1729404172388 0.9968446493148804 0
1729404178166 0.9998575448989868 0
1729404178793 0.8769153952598572 0
1729404192230 0.9988479614257812 0
1729404198216 0.9909262657165527 0
1729404199046 0.9995286464691162 0
1729404199374 0.9992908239364624 0
1729404206358 0.999642014503479 0
1729404213260 0.9998672008514404 0
1729404219041 0.9998382329940796 0
1729404221056 0.9872624278068542 0
1729404222039 0.9998481273651123 0
1729404223169 0.9845786094665527 0
1729404236773 0.6426538228988647 0
1729404237556 0.9992874264717102 0
1729404240718 0.9965746402740479 0
1729404245416 0.9997686743736267 0
1729404250358 0.9997159838676453 0
1729404256446 0.999626636505127 0
1729404256806 0.9131478667259216 0
1729404257873 0.9983356595039368 0
1729404271673 0.9964293837547302 0
1729404274743 0.9996792078018188 0
1729404276006 0.9995760321617126 0
1729404284080 0.9978556036949158 0
1729404287600 0.8603246808052063 0
1729404295790 0.9977177381515503 0
1729404303346 0.9997839331626892 0
1729404303920 0.9947668313980103 0
1729404306888 0.9992082715034485 0
1729404308088 0.9981725215911865 0
1729404319540 0.6086602807044983 0
1729404321191 0.999450147151947 0
1729404326681 0.9998760223388672 0
1729404333925 0.9221110343933105 0
1729404335314 0.8990993499755859 0
1729404335710 0.7047097086906433 0
1729404351299 0.999782145023346 0
1729404355162 0.9955043196678162 0
1729404358178 0.9478267431259155 0
1729404362506 0.9983598589897156 0
1729404362965 0.6053570508956909 0
1729404369192 0.9994946718215942 0
1729404385209 0.9998039603233337 0
1729404386254 0.9634327292442322 0
1729404398481 0.9882045984268188 0
1729404400505 0.7987028360366821 0
1729404402350 0.9997460246086121 0
1729404409355 0.9980438947677612 0
1729404412615 0.9995949864387512 0
1729404421845 0.9996309280395508 0
1729404423992 0.9998661279678345 0
1729404425255 0.9449875354766846 0
1729404441400 0.9933478236198425 0
1729404442399 0.9985671043395996 0
1729404447745 0.9939740300178528 0
1729404448330 0.9800906777381897 0
1729404456334 0.9971591234207153 0
1729404460083 0.9996627569198608 0
1729404467105 0.9997479319572449 0
1729404471043 0.999240517616272 0
1729404474355 0.9997586607933044 0
1729404483759 0.9997984766960144 0
1729404489930 0.9805785417556763 0
1729404493729 0.9596508145332336 0
1729404496184 0.9977362155914307 0
1729404501806 0.9812445640563965 0
1729404508907 0.9996767044067383 0
1729404510276 0.999879002571106 0
1729404515623 0.999784529209137 0
1729404515706 0.9998055100440979 0
1729404522999 0.9997434020042419 0
1729404530549 0.9996127486228943 0
1729404538341 0.999861478805542 0
1729404541082 0.9996838569641113 0
1729404547057 0.9998791217803955 0
1729404549286 0.9990160465240479 0
1729404558174 0.9998795986175537 0
1729404569815 0.9992756247520447 0
1729404571506 0.9878326654434204 0
1729404575884 0.9900776147842407 0
1729404577834 0.9964788556098938 0
1729404593351 0.9991880059242249 0
1729404597682 0.9996067881584167 0
1729404603125 0.9991185069084167 0
1729404606207 0.9990519881248474 0
1729404611517 0.9991726279258728 0
