1729407592128 7.0 0
1729407592151 6.0 0
1729407592168 9.0 0
1729407592177 5.0 0
1729407592185 3.0 0
1729407592195 10.0 0
1729407592205 2.0 0
1729407592207 8.0 0
1729407592220 1.0 0
1729407592227 4.0 0
1729407592235 13.0 0
1729407592242 14.0 0
1729407592248 16.0 0
1729407592257 15.0 0
1729407592265 11.0 0
1729407592275 12.0 0
1729407592287 17.0 0
1729407592294 18.0 0
1729407592302 19.0 0
1729407592305 20.0 0
1729407604129 24.0 0
1729407604225 22.0 0
1729407604575 23.0 0
1729407604784 21.0 0
1729407605384 25.0 0
1729407605754 26.0 0
1729407606412 28.0 0
1729407606867 27.0 0
1729407607069 29.0 0
1729407608723 30.0 0
1729407616505 31.0 0
1729407617035 32.0 0
1729407617222 34.0 0
1729407617422 35.0 0
1729407617497 36.0 0
1729407617589 33.0 0
1729407617887 37.0 0
1729407617932 38.0 0
1729407618275 39.0 0
1729407618437 40.0 0
1729407628947 45.0 0
1729407629242 44.0 0
1729407629483 47.0 0
1729407629887 43.0 0
1729407630090 48.0 0
1729407630170 41.0 0
1729407630252 49.0 0
1729407630557 42.0 0
1729407631265 46.0 0
1729407632422 50.0 0
1729407636767 56.0 0
1729407640385 51.0 0
1729407640827 54.0 0
1729407641402 53.0 0
1729407641490 52.0 0
1729407641572 59.0 0
1729407641665 58.0 0
1729407641867 55.0 0
1729407642409 60.0 0
1729407642425 57.0 0
1729407651805 64.0 0
1729407653764 69.0 0
1729407654084 66.0 0
1729407654139 61.0 0
1729407654253 63.0 0
1729407655573 65.0 0
1729407655757 68.0 0
1729407655833 62.0 0
1729407655931 70.0 0
1729407655998 67.0 0
1729407664538 73.0 0
1729407664764 72.0 0
1729407664896 71.0 0
1729407665487 75.0 0
1729407665581 74.0 0
1729407666412 80.0 0
1729407666697 76.0 0
1729407666728 78.0 0
1729407666951 79.0 0
1729407666965 77.0 0
1729407678281 85.0 0
1729407678483 81.0 0
1729407678573 86.0 0
1729407678951 87.0 0
1729407679029 84.0 0
1729407679247 83.0 0
1729407679374 89.0 0
1729407679934 88.0 0
1729407680091 90.0 0
1729407681314 82.0 0
1729407690602 91.0 0
1729407690807 92.0 0
1729407691099 93.0 0
1729407691148 95.0 0
1729407691780 94.0 0
1729407692274 96.0 0
1729407692524 98.0 0
1729407692711 99.0 0
1729407692839 97.0 0
1729407692874 100.0 0
1729407704310 104.0 0
1729407705375 101.0 0
1729407705504 107.0 0
1729407705605 102.0 0
1729407705809 103.0 0
1729407706210 108.0 0
1729407706317 105.0 0
1729407706505 106.0 0
1729407707176 109.0 0
1729407707237 110.0 0
1729407717788 111.0 0
1729407718005 114.0 0
1729407718092 112.0 0
1729407718853 115.0 0
1729407718961 113.0 0
1729407719538 117.0 0
1729407719678 116.0 0
1729407719979 118.0 0
1729407720247 120.0 0
1729407720267 119.0 0
1729407734055 126.0 0
1729407734095 121.0 0
1729407734158 122.0 0
1729407734556 127.0 0
1729407734616 124.0 0
1729407734755 123.0 0
1729407734950 125.0 0
1729407735528 128.0 0
1729407737198 130.0 0
1729407737256 129.0 0
1729407746590 132.0 0
1729407747716 136.0 0
1729407748618 133.0 0
1729407748793 135.0 0
1729407749669 131.0 0
1729407749902 134.0 0
1729407750385 138.0 0
1729407750419 137.0 0
1729407750679 139.0 0
1729407750817 140.0 0
1729407763033 143.0 0
1729407763101 141.0 0
1729407763599 142.0 0
1729407763656 144.0 0
1729407764165 146.0 0
1729407764855 145.0 0
1729407766851 148.0 0
1729407767478 147.0 0
1729407767904 149.0 0
1729407768546 150.0 0
1729407775867 151.0 0
1729407775947 154.0 0
1729407776025 152.0 0
1729407776486 153.0 0
1729407777847 155.0 0
1729407777975 156.0 0
1729407778682 157.0 0
1729407779319 158.0 0
1729407779597 159.0 0
1729407779809 160.0 0
1729407786328 170.0 0
1729407793491 162.0 0
1729407794045 163.0 0
1729407794791 164.0 0
1729407794843 161.0 0
1729407795528 171.0 0
1729407796941 167.0 0
1729407797373 166.0 0
1729407798453 168.0 0
1729407798540 165.0 0
1729407801298 169.0 0
1729407805678 172.0 0
1729407805745 173.0 0
1729407807263 175.0 0
1729407807524 174.0 0
1729407809074 178.0 0
1729407809504 177.0 0
1729407809744 180.0 0
1729407809939 179.0 0
1729407810020 176.0 0
1729407824319 184.0 0
1729407824512 185.0 0
1729407824815 183.0 0
1729407826243 182.0 0
1729407826275 187.0 0
1729407827089 186.0 0
1729407830778 189.0 0
1729407830854 188.0 0
1729407833014 181.0 0
1729407833280 190.0 0
1729407836281 191.0 0
1729407837278 192.0 0
1729407837913 193.0 0
1729407838900 194.0 0
1729407839933 195.0 0
1729407840090 196.0 0
1729407841381 197.0 0
1729407841943 198.0 0
1729407842599 199.0 0
1729407842775 200.0 0
1729407853281 203.0 0
1729407853373 201.0 0
1729407853531 202.0 0
1729407854116 204.0 0
1729407855739 205.0 0
1729407856380 206.0 0
1729407859052 208.0 0
1729407859150 207.0 0
1729407860994 210.0 0
1729407861798 209.0 0
1729407863239 213.0 0
1729407863841 212.0 0
1729407863904 211.0 0
1729407864591 214.0 0
1729407866254 215.0 0
1729407866733 216.0 0
1729407867793 217.0 0
1729407868141 218.0 0
1729407868942 219.0 0
1729407869168 220.0 0
1729407880667 222.0 0
1729407882070 223.0 0
1729407882439 224.0 0
1729407883273 221.0 0
1729407885050 225.0 0
1729407885196 226.0 0
1729407885506 230.0 0
1729407887761 228.0 0
1729407887836 227.0 0
1729407887914 229.0 0
1729407892923 231.0 0
1729407894494 232.0 0
1729407894698 234.0 0
1729407895081 233.0 0
1729407896824 236.0 0
1729407896953 235.0 0
1729407897951 238.0 0
1729407897986 239.0 0
1729407898184 237.0 0
1729407898245 240.0 0
