1729407592141 0.9994033575057983 0
1729407592152 0.9987972974777222 0
1729407592174 0.9996681213378906 0
1729407592181 0.9984629154205322 0
1729407592190 0.9715786576271057 0
1729407592198 0.9976508021354675 0
1729407592207 0.9982311129570007 0
1729407592215 0.9991645812988281 0
1729407592225 0.9994258880615234 0
1729407592232 0.9993329644203186 0
1729407592238 0.9987972974777222 0
1729407592245 0.9994033575057983 0
1729407592248 0.972055196762085 0
1729407592257 0.9991645812988281 0
1729407592270 0.9980871677398682 0
1729407592280 0.9983872175216675 0
1729407592289 0.9982311129570007 0
1729407592297 0.9996681213378906 0
1729407592305 0.9976508021354675 0
1729407592305 0.9984629154205322 0
1729407604155 0.9993329644203186 0
1729407604255 0.9996565580368042 0
1729407604612 0.9715786576271057 0
1729407604812 0.9983872175216675 0
1729407605420 0.9080901145935059 0
1729407605777 0.9996726512908936 0
1729407606440 0.999430239200592 0
1729407606889 0.9938604831695557 0
1729407607092 0.9996535778045654 0
1729407608747 0.9995623230934143 0
1729407616520 0.9994691014289856 0
1729407617075 0.9716188311576843 0
1729407617247 0.9988516569137573 0
1729407617440 0.992657482624054 0
1729407617515 0.9939923882484436 0
1729407617607 0.9991723299026489 0
1729407617900 0.9440663456916809 0
1729407617942 0.9921184778213501 0
1729407618280 0.9993066787719727 0
1729407618440 0.999777615070343 0
1729407628982 0.9995100498199463 0
1729407629270 0.9994819760322571 0
1729407629505 0.9998096823692322 0
1729407629905 0.9980360865592957 0
1729407630102 0.9927290081977844 0
1729407630182 0.9996095299720764 0
1729407630267 0.9982956051826477 0
1729407630577 0.6956836581230164 0
1729407631277 0.9954857230186462 0
1729407632459 0.9934304356575012 0
1729407636800 0.9993833303451538 0
1729407640402 0.9995207786560059 0
1729407640845 0.9993315935134888 0
1729407641422 0.998796820640564 0
1729407641515 0.9992407560348511 0
1729407641587 0.9998005032539368 0
1729407641672 0.9987378716468811 0
1729407641875 0.9977093935012817 0
1729407642411 0.9986845850944519 0
1729407642427 0.9978412389755249 0
1729407651844 0.9989703893661499 0
1729407653787 0.9949251413345337 0
1729407654093 0.9947899580001831 0
1729407654168 0.9968649744987488 0
1729407654270 0.9958542585372925 0
1729407655599 0.9995409250259399 0
1729407655779 0.9185100197792053 0
1729407655856 0.9967779517173767 0
1729407655945 0.9990884065628052 0
1729407656015 0.9996640682220459 0
1729407664592 0.998744010925293 0
1729407664793 0.9989812970161438 0
1729407664913 0.9993360638618469 0
1729407665500 0.9990345239639282 0
1729407665598 0.9994245767593384 0
1729407666424 0.998958945274353 0
1729407666706 0.9994210004806519 0
1729407666739 0.9986217021942139 0
1729407666955 0.9533398747444153 0
1729407666969 0.9995474219322205 0
1729407678306 0.9993104934692383 0
1729407678516 0.9899389743804932 0
1729407678598 0.9987602233886719 0
1729407678970 0.9994852542877197 0
1729407679050 0.999123752117157 0
1729407679257 0.9993797540664673 0
1729407679381 0.9972634315490723 0
1729407679945 0.9958192110061646 0
1729407680115 0.9997749924659729 0
1729407681321 0.9995275735855103 0
1729407690614 0.9997928738594055 0
1729407690812 0.9995684027671814 0
1729407691112 0.9975259900093079 0
1729407691160 0.9869821667671204 0
1729407691794 0.9992173910140991 0
1729407692288 0.9991601705551147 0
1729407692533 0.9997100234031677 0
1729407692716 0.9417856335639954 0
1729407692850 0.7293481826782227 0
1729407692878 0.9995055198669434 0
1729407704331 0.9989528656005859 0
1729407705415 0.9988613128662109 0
1729407705525 0.996281087398529 0
1729407705624 0.9984304308891296 0
1729407705815 0.5685214400291443 0
1729407706231 0.9845565557479858 0
1729407706341 0.9924659729003906 0
1729407706527 0.9964003562927246 0
1729407707190 0.966064453125 0
1729407707246 0.9950880408287048 0
1729407717810 0.9992424249649048 0
1729407718023 0.9992425441741943 0
1729407718103 0.9986613988876343 0
1729407718862 0.9997232556343079 0
1729407718976 0.9942078590393066 0
1729407719551 0.9957695007324219 0
1729407719688 0.9245119094848633 0
1729407719984 0.9994764924049377 0
1729407720252 0.9989857077598572 0
1729407720271 0.9952358603477478 0
1729407734062 0.997329592704773 0
1729407734108 0.9994664788246155 0
1729407734172 0.9813694953918457 0
1729407734572 0.9926031231880188 0
1729407734626 0.9969391822814941 0
1729407734760 0.9966673254966736 0
1729407734978 0.9994764924049377 0
1729407735538 0.9997288584709167 0
1729407737216 0.997368574142456 0
1729407737269 0.9928168058395386 0
1729407746644 0.9974488615989685 0
1729407747737 0.9996275901794434 0
1729407748630 0.9934312701225281 0
1729407748800 0.9209028482437134 0
1729407749684 0.999640941619873 0
1729407749912 0.9899587035179138 0
1729407750394 0.9952274560928345 0
1729407750427 0.9938709735870361 0
1729407750685 0.9992309808731079 0
1729407750820 0.9993504881858826 0
1729407763051 0.9781625866889954 0
1729407763104 0.998819887638092 0
1729407763616 0.9940430521965027 0
1729407763663 0.9996482133865356 0
1729407764184 0.9996954202651978 0
1729407764887 0.9995655417442322 0
1729407766865 0.998559296131134 0
1729407767505 0.9946891069412231 0
1729407767913 0.9997435212135315 0
1729407768579 0.9994269609451294 0
1729407775887 0.9997778534889221 0
1729407775964 0.9816161394119263 0
1729407776034 0.9985514283180237 0
1729407776493 0.9994513392448425 0
1729407777861 0.9987069368362427 0
1729407777986 0.9993853569030762 0
1729407778696 0.9996254444122314 0
1729407779327 0.9997156262397766 0
1729407779611 0.9995301961898804 0
1729407779813 0.9992749094963074 0
1729407786337 0.9954121708869934 0
1729407793512 0.9997715353965759 0
1729407794055 0.9972857236862183 0
1729407794799 0.9927405714988708 0
1729407794853 0.7256013751029968 0
1729407795535 0.9995978474617004 0
1729407796969 0.9981765747070312 0
1729407797400 0.9994214773178101 0
1729407798476 0.9992108345031738 0
1729407798547 0.9995373487472534 0
1729407801317 0.9939275979995728 0
1729407805697 0.9997232556343079 0
1729407805761 0.9989548921585083 0
1729407807273 0.9995483756065369 0
1729407807532 0.9994698166847229 0
1729407809088 0.5593312978744507 0
1729407809511 0.9314349889755249 0
1729407809751 0.9933304190635681 0
1729407809944 0.9977772831916809 0
1729407810024 0.9687895178794861 0
1729407824335 0.9987074136734009 0
1729407824530 0.9944620728492737 0
1729407824820 0.9993147850036621 0
1729407826248 0.9901266098022461 0
1729407826281 0.9980523586273193 0
1729407827092 0.9996812343597412 0
1729407830788 0.9997045397758484 0
1729407830863 0.9995569586753845 0
1729407833023 0.9937911629676819 0
1729407833287 0.9997875094413757 0
1729407836300 0.9996185302734375 0
1729407837288 0.9842082858085632 0
1729407837922 0.9997603297233582 0
1729407838910 0.9995633959770203 0
1729407839937 0.9997274279594421 0
1729407840097 0.9991936087608337 0
1729407841391 0.9993833303451538 0
1729407841950 0.9853441119194031 0
1729407842604 0.9929954409599304 0
1729407842778 0.999744713306427 0
1729407853300 0.9856660962104797 0
1729407853380 0.9997676014900208 0
1729407853549 0.9994086027145386 0
1729407854123 0.9997262358665466 0
1729407855750 0.9967052340507507 0
1729407856392 0.9956780076026917 0
1729407859064 0.9930822849273682 0
1729407859157 0.9994194507598877 0
1729407861008 0.9036213755607605 0
1729407861812 0.9997087121009827 0
1729407863248 0.9964359998703003 0
1729407863852 0.9946645498275757 0
1729407863912 0.9793969392776489 0
1729407864598 0.9995166063308716 0
1729407866261 0.9845579266548157 0
1729407866736 0.9995822310447693 0
1729407867802 0.9996812343597412 0
1729407868152 0.9602046608924866 0
1729407868950 0.9996479749679565 0
1729407869171 0.999188244342804 0
1729407880690 0.9994027614593506 0
1729407882083 0.999514102935791 0
1729407882446 0.9988375306129456 0
1729407883283 0.9990555644035339 0
1729407885053 0.9973750114440918 0
1729407885203 0.9985483288764954 0
1729407885511 0.9993833303451538 0
1729407887772 0.9488217234611511 0
1729407887845 0.9987581968307495 0
1729407887921 0.9446570873260498 0
1729407892932 0.998076319694519 0
1729407894502 0.9941966533660889 0
1729407894712 0.999512791633606 0
1729407895095 0.9995166063308716 0
1729407896834 0.9984813332557678 0
1729407896960 0.9963359832763672 0
1729407897960 0.9946087598800659 0
1729407897993 0.9996353387832642 0
1729407898191 0.9955915808677673 0
1729407898249 0.9981101751327515 0
